4.236000000000000000e+03
4.239000000000000000e+03
5.172000000000000000e+03
7.987000000000000000e+03
1.155600000000000000e+04
1.216900000000000000e+04
1.331600000000000000e+04
1.348900000000000000e+04
1.701000000000000000e+04
1.854800000000000000e+04
2.076600000000000000e+04
2.699700000000000000e+04
2.741800000000000000e+04
2.883700000000000000e+04
2.885100000000000000e+04
3.227500000000000000e+04
3.449900000000000000e+04
3.503100000000000000e+04
3.643100000000000000e+04
3.660800000000000000e+04
3.759400000000000000e+04
4.350100000000000000e+04
4.491300000000000000e+04
4.595600000000000000e+04
4.772800000000000000e+04
4.847800000000000000e+04
5.134700000000000000e+04
5.528600000000000000e+04
5.637400000000000000e+04
5.850700000000000000e+04
5.936500000000000000e+04
5.943000000000000000e+04
6.028800000000000000e+04
6.093900000000000000e+04
6.103600000000000000e+04
7.253300000000000000e+04
7.272400000000000000e+04
7.358600000000000000e+04
7.465700000000000000e+04
7.525200000000000000e+04
7.688000000000000000e+04
8.326800000000000000e+04
8.484900000000000000e+04
8.593200000000000000e+04
8.843700000000000000e+04
8.930900000000000000e+04
8.977800000000000000e+04
9.216400000000000000e+04
9.582500000000000000e+04
9.634900000000000000e+04
9.935800000000000000e+04
1.064880000000000000e+05
1.094820000000000000e+05
1.101050000000000000e+05
1.136020000000000000e+05
1.137310000000000000e+05
1.149260000000000000e+05
1.172340000000000000e+05
1.179260000000000000e+05
1.255010000000000000e+05
1.279700000000000000e+05
1.290990000000000000e+05
1.306770000000000000e+05
1.333530000000000000e+05
1.342100000000000000e+05
1.361400000000000000e+05
1.362180000000000000e+05
1.371630000000000000e+05
1.442600000000000000e+05
1.504950000000000000e+05
1.531960000000000000e+05
1.534220000000000000e+05
1.538270000000000000e+05
1.578100000000000000e+05
1.604610000000000000e+05
1.619520000000000000e+05
1.644500000000000000e+05
1.649650000000000000e+05
1.720870000000000000e+05
1.737820000000000000e+05
1.740760000000000000e+05
1.755020000000000000e+05
1.772060000000000000e+05
1.776090000000000000e+05
1.789020000000000000e+05
1.805720000000000000e+05
1.815280000000000000e+05
1.820600000000000000e+05
1.820650000000000000e+05
1.835840000000000000e+05
1.842570000000000000e+05
1.898840000000000000e+05
1.900460000000000000e+05
1.911660000000000000e+05
1.912120000000000000e+05
1.921740000000000000e+05
1.926530000000000000e+05
1.933880000000000000e+05
1.943700000000000000e+05
1.965910000000000000e+05
1.983360000000000000e+05
1.997290000000000000e+05
1.997550000000000000e+05
2.002550000000000000e+05
2.002620000000000000e+05
2.005560000000000000e+05
2.006210000000000000e+05
2.012020000000000000e+05
2.084160000000000000e+05
2.092460000000000000e+05
2.094500000000000000e+05
2.107920000000000000e+05
2.118610000000000000e+05
2.149820000000000000e+05
2.170400000000000000e+05
2.211000000000000000e+05
2.216170000000000000e+05
2.222650000000000000e+05
2.300630000000000000e+05
2.304360000000000000e+05
2.308540000000000000e+05
2.310760000000000000e+05
2.319530000000000000e+05
2.325550000000000000e+05
2.351070000000000000e+05
2.366650000000000000e+05
2.395870000000000000e+05
2.451510000000000000e+05
2.477560000000000000e+05
2.503490000000000000e+05
2.515040000000000000e+05
2.521830000000000000e+05
2.545300000000000000e+05
2.563610000000000000e+05
2.582180000000000000e+05
2.618420000000000000e+05
2.626510000000000000e+05
2.644910000000000000e+05
2.657840000000000000e+05
2.659820000000000000e+05
2.682610000000000000e+05
2.737980000000000000e+05
2.761070000000000000e+05
2.762540000000000000e+05
2.774970000000000000e+05
2.814550000000000000e+05
2.817210000000000000e+05
2.823310000000000000e+05
2.882790000000000000e+05
2.893910000000000000e+05
2.935670000000000000e+05
2.951970000000000000e+05
2.956340000000000000e+05
2.957680000000000000e+05
2.962530000000000000e+05
3.007300000000000000e+05
3.026040000000000000e+05
3.037710000000000000e+05
3.037820000000000000e+05
3.058540000000000000e+05
3.092930000000000000e+05
3.103790000000000000e+05
3.116470000000000000e+05
3.134030000000000000e+05
3.140580000000000000e+05
3.180840000000000000e+05
3.219920000000000000e+05
3.235230000000000000e+05
3.282390000000000000e+05
3.283030000000000000e+05
3.287430000000000000e+05
3.322310000000000000e+05
3.353380000000000000e+05
3.377980000000000000e+05
3.381850000000000000e+05
3.396100000000000000e+05
3.399550000000000000e+05
3.424700000000000000e+05
3.430300000000000000e+05
3.434870000000000000e+05
3.456770000000000000e+05
3.469490000000000000e+05
3.486560000000000000e+05
3.513290000000000000e+05
3.513850000000000000e+05
3.526540000000000000e+05
3.574230000000000000e+05
3.583160000000000000e+05
3.603030000000000000e+05
3.608940000000000000e+05
3.622790000000000000e+05
3.623710000000000000e+05
3.626340000000000000e+05
3.638180000000000000e+05
3.653420000000000000e+05
3.657870000000000000e+05
3.696740000000000000e+05
3.720490000000000000e+05
3.727520000000000000e+05
3.748030000000000000e+05
3.755920000000000000e+05
3.755970000000000000e+05
3.805010000000000000e+05
3.835560000000000000e+05
3.846600000000000000e+05
3.847870000000000000e+05
3.860800000000000000e+05
3.886260000000000000e+05
3.900900000000000000e+05
3.918280000000000000e+05
3.920310000000000000e+05
3.934090000000000000e+05
3.934690000000000000e+05
3.939820000000000000e+05
3.973360000000000000e+05
4.009390000000000000e+05
4.050030000000000000e+05
4.065120000000000000e+05
4.151740000000000000e+05
4.168940000000000000e+05
4.172380000000000000e+05
4.218270000000000000e+05
4.221370000000000000e+05
4.221800000000000000e+05
4.230740000000000000e+05
4.244670000000000000e+05
4.256980000000000000e+05
4.259510000000000000e+05
4.308740000000000000e+05
4.328990000000000000e+05
4.338840000000000000e+05
4.388150000000000000e+05
4.421580000000000000e+05
4.467100000000000000e+05
4.514080000000000000e+05
4.540960000000000000e+05
4.562160000000000000e+05
4.586430000000000000e+05
4.652670000000000000e+05
4.715800000000000000e+05
4.739710000000000000e+05
4.767300000000000000e+05
4.775900000000000000e+05
4.800210000000000000e+05
4.803010000000000000e+05
4.828390000000000000e+05
4.868730000000000000e+05
4.872880000000000000e+05
4.928420000000000000e+05
4.949000000000000000e+05
4.958970000000000000e+05
4.959010000000000000e+05
4.973700000000000000e+05
4.992000000000000000e+05
5.006180000000000000e+05
5.024840000000000000e+05
5.051060000000000000e+05
5.081680000000000000e+05
5.105970000000000000e+05
5.162780000000000000e+05
5.194130000000000000e+05
5.215310000000000000e+05
5.218330000000000000e+05
5.276230000000000000e+05
5.285900000000000000e+05
5.343510000000000000e+05
5.359710000000000000e+05
5.367600000000000000e+05
5.396320000000000000e+05
5.412470000000000000e+05
5.430400000000000000e+05
5.444530000000000000e+05
5.449620000000000000e+05
5.452120000000000000e+05
5.473210000000000000e+05
5.475750000000000000e+05
5.479450000000000000e+05
5.497680000000000000e+05
5.530150000000000000e+05
5.553170000000000000e+05
5.583360000000000000e+05
5.595020000000000000e+05
5.622060000000000000e+05
5.630950000000000000e+05
5.645260000000000000e+05
5.646220000000000000e+05
5.652680000000000000e+05
5.678630000000000000e+05
5.718170000000000000e+05
5.718500000000000000e+05
5.785680000000000000e+05
5.792950000000000000e+05
5.805300000000000000e+05
5.808660000000000000e+05
5.838190000000000000e+05
5.842670000000000000e+05
5.845180000000000000e+05
5.867710000000000000e+05
5.870250000000000000e+05
5.870690000000000000e+05
5.876970000000000000e+05
5.895890000000000000e+05
5.897830000000000000e+05
5.909180000000000000e+05
5.973200000000000000e+05
6.051740000000000000e+05
6.082460000000000000e+05
6.084900000000000000e+05
6.087510000000000000e+05
6.137590000000000000e+05
6.196990000000000000e+05
6.217400000000000000e+05
6.222640000000000000e+05
6.272580000000000000e+05
6.279970000000000000e+05
6.299720000000000000e+05
6.315960000000000000e+05
6.328820000000000000e+05
6.336740000000000000e+05
6.353910000000000000e+05
6.369520000000000000e+05
6.382240000000000000e+05
6.401920000000000000e+05
6.420290000000000000e+05
6.480450000000000000e+05
6.496100000000000000e+05
6.514790000000000000e+05
6.558480000000000000e+05
6.568850000000000000e+05
6.618770000000000000e+05
6.623530000000000000e+05
6.623710000000000000e+05
6.681110000000000000e+05
6.686820000000000000e+05
6.692360000000000000e+05
6.701750000000000000e+05
6.711490000000000000e+05
6.727780000000000000e+05
6.731610000000000000e+05
6.751510000000000000e+05
6.752650000000000000e+05
6.777120000000000000e+05
6.781130000000000000e+05
6.840800000000000000e+05
6.874770000000000000e+05
6.877840000000000000e+05
6.895210000000000000e+05
6.905960000000000000e+05
6.918550000000000000e+05
6.934050000000000000e+05
6.936860000000000000e+05
6.954270000000000000e+05
6.993730000000000000e+05
7.003660000000000000e+05
7.040140000000000000e+05
7.065740000000000000e+05
7.067520000000000000e+05
7.067710000000000000e+05
7.073500000000000000e+05
7.082980000000000000e+05
7.090450000000000000e+05
7.092940000000000000e+05
7.135650000000000000e+05
7.136830000000000000e+05
7.157050000000000000e+05
7.170420000000000000e+05
7.221200000000000000e+05
7.246750000000000000e+05
7.259050000000000000e+05
7.268720000000000000e+05
7.306920000000000000e+05
7.312110000000000000e+05
7.319780000000000000e+05
7.331390000000000000e+05
7.341640000000000000e+05
7.355990000000000000e+05
7.374840000000000000e+05
7.380460000000000000e+05
7.418170000000000000e+05
7.442320000000000000e+05
7.449180000000000000e+05
7.452430000000000000e+05
7.475030000000000000e+05
7.507720000000000000e+05
7.537190000000000000e+05
7.605020000000000000e+05
7.626240000000000000e+05
7.661110000000000000e+05
7.673000000000000000e+05
7.716480000000000000e+05
7.718170000000000000e+05
7.767980000000000000e+05
7.816100000000000000e+05
7.849150000000000000e+05
7.879580000000000000e+05
7.886300000000000000e+05
7.901060000000000000e+05
7.911770000000000000e+05
7.917140000000000000e+05
7.944560000000000000e+05
7.958170000000000000e+05
7.963060000000000000e+05
7.983670000000000000e+05
7.983950000000000000e+05
8.028280000000000000e+05
8.052780000000000000e+05
8.062570000000000000e+05
8.080990000000000000e+05
8.081680000000000000e+05
8.082150000000000000e+05
8.090160000000000000e+05
8.094420000000000000e+05
8.140860000000000000e+05
8.164910000000000000e+05
8.178230000000000000e+05
8.204450000000000000e+05
8.215160000000000000e+05
8.238420000000000000e+05
8.256890000000000000e+05
8.261180000000000000e+05
8.263320000000000000e+05
8.291620000000000000e+05
8.307970000000000000e+05
8.351890000000000000e+05
8.365510000000000000e+05
8.386050000000000000e+05
8.394170000000000000e+05
8.416950000000000000e+05
8.477960000000000000e+05
8.483380000000000000e+05
8.494690000000000000e+05
8.511170000000000000e+05
8.528060000000000000e+05
8.539050000000000000e+05
8.563670000000000000e+05
8.638010000000000000e+05
8.652520000000000000e+05
8.661050000000000000e+05
8.664610000000000000e+05
8.704980000000000000e+05
8.711230000000000000e+05
8.777230000000000000e+05
8.821880000000000000e+05
8.824930000000000000e+05
8.940190000000000000e+05
8.945320000000000000e+05
8.989180000000000000e+05
8.994790000000000000e+05
9.010130000000000000e+05
9.041030000000000000e+05
9.048560000000000000e+05
9.072060000000000000e+05
9.077480000000000000e+05
9.084740000000000000e+05
9.093940000000000000e+05
9.101390000000000000e+05
9.116450000000000000e+05
9.158400000000000000e+05
9.216060000000000000e+05
9.224770000000000000e+05
9.228130000000000000e+05
9.229050000000000000e+05
9.232120000000000000e+05
9.234730000000000000e+05
9.256220000000000000e+05
9.269040000000000000e+05
9.278470000000000000e+05
9.316830000000000000e+05
9.412660000000000000e+05
9.420550000000000000e+05
9.459990000000000000e+05
9.474440000000000000e+05
9.476420000000000000e+05
9.489770000000000000e+05
9.503600000000000000e+05
9.524730000000000000e+05
9.534110000000000000e+05
9.586910000000000000e+05
9.587880000000000000e+05
9.588410000000000000e+05
9.589570000000000000e+05
9.589840000000000000e+05
9.599020000000000000e+05
9.608940000000000000e+05
9.627070000000000000e+05
9.699560000000000000e+05
9.717490000000000000e+05
9.718270000000000000e+05
9.721520000000000000e+05
9.786990000000000000e+05
9.813020000000000000e+05
9.870450000000000000e+05
9.874070000000000000e+05
9.885940000000000000e+05
9.904960000000000000e+05
9.917620000000000000e+05
9.926460000000000000e+05
9.930130000000000000e+05
9.937410000000000000e+05
9.958310000000000000e+05
1.001285000000000000e+06
1.001993000000000000e+06
1.003365000000000000e+06
1.003982000000000000e+06
1.005283000000000000e+06
1.006743000000000000e+06
1.009265000000000000e+06
1.009911000000000000e+06
1.010303000000000000e+06
1.010728000000000000e+06
1.011596000000000000e+06
1.012965000000000000e+06
1.014700000000000000e+06
1.016974000000000000e+06
1.018295000000000000e+06
1.018567000000000000e+06
1.025728000000000000e+06
1.027458000000000000e+06
1.028237000000000000e+06
1.035329000000000000e+06
1.042461000000000000e+06
1.042706000000000000e+06
1.042785000000000000e+06
1.043616000000000000e+06
1.045613000000000000e+06
1.048549000000000000e+06
1.048738000000000000e+06
1.050420000000000000e+06
1.051655000000000000e+06
1.053152000000000000e+06
1.054023000000000000e+06
1.057090000000000000e+06
1.057669000000000000e+06
1.058288000000000000e+06
1.058339000000000000e+06
1.065190000000000000e+06
1.066239000000000000e+06
1.066682000000000000e+06
1.066893000000000000e+06
1.067897000000000000e+06
1.070486000000000000e+06
1.079933000000000000e+06
1.080490000000000000e+06
1.081346000000000000e+06
1.082373000000000000e+06
1.087672000000000000e+06
1.089913000000000000e+06
1.090118000000000000e+06
1.094208000000000000e+06
1.099841000000000000e+06
1.103019000000000000e+06
1.104907000000000000e+06
1.105555000000000000e+06
1.106815000000000000e+06
1.108769000000000000e+06
1.108949000000000000e+06
1.112066000000000000e+06
1.115018000000000000e+06
1.116566000000000000e+06
1.118396000000000000e+06
1.123150000000000000e+06
1.127533000000000000e+06
1.130863000000000000e+06
1.131679000000000000e+06
1.134816000000000000e+06
1.139680000000000000e+06
1.140105000000000000e+06
1.141797000000000000e+06
1.147237000000000000e+06
1.148606000000000000e+06
1.150743000000000000e+06
1.152046000000000000e+06
1.154302000000000000e+06
1.156273000000000000e+06
1.158953000000000000e+06
1.159568000000000000e+06
1.159847000000000000e+06
1.160223000000000000e+06
1.161458000000000000e+06
1.161695000000000000e+06
1.176351000000000000e+06
1.176979000000000000e+06
1.178719000000000000e+06
1.179325000000000000e+06
1.184350000000000000e+06
1.185965000000000000e+06
1.188502000000000000e+06
1.189886000000000000e+06
1.191120000000000000e+06
1.192492000000000000e+06
1.192549000000000000e+06
1.193164000000000000e+06
1.195420000000000000e+06
1.197492000000000000e+06
1.199172000000000000e+06
1.199532000000000000e+06
1.205076000000000000e+06
1.205462000000000000e+06
1.207181000000000000e+06
1.207586000000000000e+06
1.209637000000000000e+06
1.211050000000000000e+06
1.214833000000000000e+06
1.216562000000000000e+06
1.218490000000000000e+06
1.226163000000000000e+06
1.226521000000000000e+06
1.231530000000000000e+06
1.232586000000000000e+06
1.234900000000000000e+06
1.238031000000000000e+06
1.241111000000000000e+06
1.243125000000000000e+06
1.244368000000000000e+06
1.244539000000000000e+06
1.244813000000000000e+06
1.245946000000000000e+06
1.246890000000000000e+06
1.248952000000000000e+06
1.255918000000000000e+06
1.257238000000000000e+06
1.257737000000000000e+06
1.260274000000000000e+06
1.260866000000000000e+06
1.262330000000000000e+06
1.263476000000000000e+06
1.266458000000000000e+06
1.269311000000000000e+06
1.269806000000000000e+06
1.271145000000000000e+06
1.272419000000000000e+06
1.272680000000000000e+06
1.272714000000000000e+06
1.276604000000000000e+06
1.277284000000000000e+06
1.277403000000000000e+06
1.278661000000000000e+06
1.280312000000000000e+06
1.281052000000000000e+06
1.282805000000000000e+06
1.283470000000000000e+06
1.284032000000000000e+06
1.284616000000000000e+06
1.293683000000000000e+06
1.294037000000000000e+06
1.295424000000000000e+06
1.300173000000000000e+06
1.306626000000000000e+06
1.309132000000000000e+06
1.313110000000000000e+06
1.314763000000000000e+06
1.315377000000000000e+06
1.316636000000000000e+06
1.318725000000000000e+06
1.320760000000000000e+06
1.321554000000000000e+06
1.321779000000000000e+06
1.323174000000000000e+06
1.323471000000000000e+06
1.324528000000000000e+06
1.325786000000000000e+06
1.331157000000000000e+06
1.333459000000000000e+06
1.333652000000000000e+06
1.334347000000000000e+06
1.335318000000000000e+06
1.339491000000000000e+06
1.340248000000000000e+06
1.340924000000000000e+06
1.346226000000000000e+06
1.347958000000000000e+06
1.349372000000000000e+06
1.350680000000000000e+06
1.352792000000000000e+06
1.359657000000000000e+06
1.361764000000000000e+06
1.364942000000000000e+06
1.366833000000000000e+06
1.367839000000000000e+06
1.368514000000000000e+06
1.368749000000000000e+06
1.373807000000000000e+06
1.374067000000000000e+06
1.376782000000000000e+06
1.379719000000000000e+06
1.384999000000000000e+06
1.386091000000000000e+06
1.386253000000000000e+06
1.388118000000000000e+06
1.389951000000000000e+06
1.390970000000000000e+06
1.392336000000000000e+06
1.395158000000000000e+06
1.398854000000000000e+06
1.400426000000000000e+06
1.401262000000000000e+06
1.402140000000000000e+06
1.405016000000000000e+06
1.406221000000000000e+06
1.407378000000000000e+06
1.407507000000000000e+06
1.408844000000000000e+06
1.408891000000000000e+06
1.409512000000000000e+06
1.414817000000000000e+06
1.414877000000000000e+06
1.415987000000000000e+06
1.417040000000000000e+06
1.419279000000000000e+06
1.419936000000000000e+06
1.420610000000000000e+06
1.421494000000000000e+06
1.421540000000000000e+06
1.422181000000000000e+06
1.428392000000000000e+06
1.429531000000000000e+06
1.432037000000000000e+06
1.435640000000000000e+06
1.437234000000000000e+06
1.438977000000000000e+06
1.439556000000000000e+06
1.442341000000000000e+06
1.442414000000000000e+06
1.442632000000000000e+06
1.443401000000000000e+06
1.444717000000000000e+06
1.445700000000000000e+06
1.446128000000000000e+06
1.448333000000000000e+06
1.449082000000000000e+06
1.452421000000000000e+06
1.453583000000000000e+06
1.454930000000000000e+06
1.455194000000000000e+06
1.457726000000000000e+06
1.457783000000000000e+06
1.459069000000000000e+06
1.459628000000000000e+06
1.460234000000000000e+06
1.460368000000000000e+06
1.462465000000000000e+06
1.466378000000000000e+06
1.468871000000000000e+06
1.470843000000000000e+06
1.471333000000000000e+06
1.471418000000000000e+06
1.471743000000000000e+06
1.472147000000000000e+06
1.473304000000000000e+06
1.476011000000000000e+06
1.478429000000000000e+06
1.480985000000000000e+06
1.483589000000000000e+06
1.485797000000000000e+06
1.486906000000000000e+06
1.486982000000000000e+06
1.494952000000000000e+06
1.503571000000000000e+06
1.504319000000000000e+06
1.505501000000000000e+06
1.506733000000000000e+06
1.508034000000000000e+06
1.509147000000000000e+06
1.513251000000000000e+06
1.514583000000000000e+06
1.515380000000000000e+06
1.515390000000000000e+06
1.516729000000000000e+06
1.517735000000000000e+06
1.518851000000000000e+06
1.519973000000000000e+06
1.520061000000000000e+06
1.520816000000000000e+06
1.521216000000000000e+06
1.521701000000000000e+06
1.522712000000000000e+06
1.524055000000000000e+06
1.526744000000000000e+06
1.527886000000000000e+06
1.528805000000000000e+06
1.529156000000000000e+06
1.529364000000000000e+06
1.530080000000000000e+06
1.530382000000000000e+06
1.530462000000000000e+06
1.535519000000000000e+06
1.538656000000000000e+06
1.538867000000000000e+06
1.540072000000000000e+06
1.542850000000000000e+06
1.546035000000000000e+06
1.552770000000000000e+06
1.553625000000000000e+06
1.554188000000000000e+06
1.555639000000000000e+06
1.556841000000000000e+06
1.558494000000000000e+06
1.559134000000000000e+06
1.559966000000000000e+06
1.560179000000000000e+06
1.560379000000000000e+06
1.564235000000000000e+06
1.567502000000000000e+06
1.569030000000000000e+06
1.569495000000000000e+06
1.572010000000000000e+06
1.586194000000000000e+06
1.587275000000000000e+06
1.593151000000000000e+06
1.595826000000000000e+06
1.596237000000000000e+06
1.597630000000000000e+06
1.601397000000000000e+06
1.601735000000000000e+06
1.611121000000000000e+06
1.612665000000000000e+06
1.617126000000000000e+06
1.617821000000000000e+06
1.618775000000000000e+06
1.622549000000000000e+06
1.624030000000000000e+06
1.624213000000000000e+06
1.624244000000000000e+06
1.627624000000000000e+06
1.629620000000000000e+06
1.631351000000000000e+06
1.632322000000000000e+06
1.633887000000000000e+06
1.636334000000000000e+06
1.636880000000000000e+06
1.640338000000000000e+06
1.640372000000000000e+06
1.641711000000000000e+06
1.646038000000000000e+06
1.648780000000000000e+06
1.648963000000000000e+06
1.652023000000000000e+06
1.653096000000000000e+06
1.654881000000000000e+06
1.656160000000000000e+06
1.659820000000000000e+06
1.663637000000000000e+06
1.665597000000000000e+06
1.666564000000000000e+06
1.672400000000000000e+06
1.674521000000000000e+06
1.676634000000000000e+06
1.678623000000000000e+06
1.681163000000000000e+06
1.681889000000000000e+06
1.681976000000000000e+06
1.682590000000000000e+06
1.683690000000000000e+06
1.686067000000000000e+06
1.691912000000000000e+06
1.692540000000000000e+06
1.696487000000000000e+06
1.697678000000000000e+06
1.699680000000000000e+06
1.703371000000000000e+06
1.705011000000000000e+06
1.710372000000000000e+06
1.711685000000000000e+06
1.712287000000000000e+06
1.715174000000000000e+06
1.716231000000000000e+06
1.716964000000000000e+06
1.717326000000000000e+06
1.718533000000000000e+06
1.721183000000000000e+06
1.722494000000000000e+06
1.723419000000000000e+06
1.728688000000000000e+06
1.729611000000000000e+06
1.731668000000000000e+06
1.731826000000000000e+06
1.732578000000000000e+06
1.736261000000000000e+06
1.737844000000000000e+06
1.737988000000000000e+06
1.738271000000000000e+06
1.739212000000000000e+06
1.739383000000000000e+06
1.741792000000000000e+06
1.748089000000000000e+06
1.760664000000000000e+06
1.764346000000000000e+06
1.764794000000000000e+06
1.765429000000000000e+06
1.766052000000000000e+06
1.766919000000000000e+06
1.767693000000000000e+06
1.769482000000000000e+06
1.769916000000000000e+06
1.771722000000000000e+06
1.771888000000000000e+06
1.772025000000000000e+06
1.772600000000000000e+06
1.774462000000000000e+06
1.777038000000000000e+06
1.782202000000000000e+06
1.784624000000000000e+06
1.785505000000000000e+06
1.785967000000000000e+06
1.790346000000000000e+06
1.790857000000000000e+06
1.792932000000000000e+06
1.792954000000000000e+06
1.794272000000000000e+06
1.795300000000000000e+06
1.796337000000000000e+06
1.796771000000000000e+06
1.798015000000000000e+06
1.798381000000000000e+06
1.798809000000000000e+06
1.800673000000000000e+06
1.802394000000000000e+06
1.804943000000000000e+06
1.805821000000000000e+06
1.806693000000000000e+06
1.806779000000000000e+06
1.810010000000000000e+06
1.811748000000000000e+06
1.811883000000000000e+06
1.812243000000000000e+06
1.812596000000000000e+06
1.814274000000000000e+06
1.815816000000000000e+06
1.818865000000000000e+06
1.821207000000000000e+06
1.822120000000000000e+06
1.827329000000000000e+06
1.834677000000000000e+06
1.835256000000000000e+06
1.836265000000000000e+06
1.837534000000000000e+06
1.838534000000000000e+06
1.840810000000000000e+06
1.842638000000000000e+06
1.842712000000000000e+06
1.844204000000000000e+06
1.845902000000000000e+06
1.850182000000000000e+06
1.853072000000000000e+06
1.855151000000000000e+06
1.859141000000000000e+06
1.860899000000000000e+06
1.866103000000000000e+06
1.866225000000000000e+06
1.867031000000000000e+06
1.868061000000000000e+06
1.869133000000000000e+06
1.869940000000000000e+06
1.873580000000000000e+06
1.875350000000000000e+06
1.876386000000000000e+06
1.877490000000000000e+06
1.878307000000000000e+06
1.880192000000000000e+06
1.883993000000000000e+06
1.883993000000000000e+06
1.885271000000000000e+06
1.886781000000000000e+06
1.889477000000000000e+06
1.890044000000000000e+06
1.890768000000000000e+06
1.892175000000000000e+06
1.897556000000000000e+06
1.899729000000000000e+06
1.899837000000000000e+06
1.901361000000000000e+06
1.903483000000000000e+06
1.906827000000000000e+06
1.908131000000000000e+06
1.908798000000000000e+06
1.909077000000000000e+06
1.909237000000000000e+06
1.909280000000000000e+06
1.915257000000000000e+06
1.917566000000000000e+06
1.918252000000000000e+06
1.921121000000000000e+06
1.922443000000000000e+06
1.922741000000000000e+06
1.923790000000000000e+06
1.925190000000000000e+06
1.927064000000000000e+06
1.927852000000000000e+06
1.933063000000000000e+06
1.935076000000000000e+06
1.935935000000000000e+06
1.936181000000000000e+06
1.936989000000000000e+06
1.937005000000000000e+06
1.938109000000000000e+06
1.939754000000000000e+06
1.939783000000000000e+06
1.943441000000000000e+06
1.944851000000000000e+06
1.944935000000000000e+06
1.947277000000000000e+06
1.948141000000000000e+06
1.950388000000000000e+06
