2.488000000000000000e+03
2.569000000000000000e+03
4.174000000000000000e+03
4.822000000000000000e+03
5.970000000000000000e+03
8.361000000000000000e+03
1.510700000000000000e+04
1.634400000000000000e+04
1.649800000000000000e+04
1.809100000000000000e+04
1.945500000000000000e+04
2.211400000000000000e+04
2.309300000000000000e+04
2.317000000000000000e+04
2.952400000000000000e+04
3.336900000000000000e+04
3.506100000000000000e+04
3.700000000000000000e+04
3.852200000000000000e+04
4.183600000000000000e+04
4.904500000000000000e+04
5.063000000000000000e+04
5.157700000000000000e+04
5.270800000000000000e+04
5.352900000000000000e+04
5.479700000000000000e+04
6.317500000000000000e+04
6.479800000000000000e+04
6.514800000000000000e+04
6.610100000000000000e+04
6.614600000000000000e+04
6.668300000000000000e+04
6.690100000000000000e+04
6.804900000000000000e+04
6.886600000000000000e+04
6.926800000000000000e+04
7.234600000000000000e+04
7.287900000000000000e+04
7.630600000000000000e+04
7.631100000000000000e+04
7.692200000000000000e+04
7.719700000000000000e+04
7.842500000000000000e+04
7.853000000000000000e+04
8.000700000000000000e+04
8.238400000000000000e+04
8.239800000000000000e+04
8.563900000000000000e+04
8.822600000000000000e+04
8.985000000000000000e+04
9.163100000000000000e+04
9.227600000000000000e+04
9.231100000000000000e+04
9.361200000000000000e+04
9.678900000000000000e+04
1.001000000000000000e+05
1.010010000000000000e+05
1.059400000000000000e+05
1.060120000000000000e+05
1.062150000000000000e+05
1.072660000000000000e+05
1.083290000000000000e+05
1.096210000000000000e+05
1.104040000000000000e+05
1.124660000000000000e+05
1.126210000000000000e+05
1.129460000000000000e+05
1.137380000000000000e+05
1.144620000000000000e+05
1.157020000000000000e+05
1.179870000000000000e+05
1.202030000000000000e+05
1.224820000000000000e+05
1.227860000000000000e+05
1.232530000000000000e+05
1.281200000000000000e+05
1.292790000000000000e+05
1.298740000000000000e+05
1.307060000000000000e+05
1.318450000000000000e+05
1.343890000000000000e+05
1.362780000000000000e+05
1.418790000000000000e+05
1.427540000000000000e+05
1.434850000000000000e+05
1.457500000000000000e+05
1.476710000000000000e+05
1.486860000000000000e+05
1.497850000000000000e+05
1.499120000000000000e+05
1.507450000000000000e+05
1.512860000000000000e+05
1.541540000000000000e+05
1.596520000000000000e+05
1.599840000000000000e+05
1.618260000000000000e+05
1.636390000000000000e+05
1.638540000000000000e+05
1.640070000000000000e+05
1.645360000000000000e+05
1.645430000000000000e+05
1.670010000000000000e+05
1.683400000000000000e+05
1.723280000000000000e+05
1.743210000000000000e+05
1.825760000000000000e+05
1.847210000000000000e+05
1.849420000000000000e+05
1.849570000000000000e+05
1.911100000000000000e+05
1.920020000000000000e+05
1.927730000000000000e+05
1.930500000000000000e+05
1.993940000000000000e+05
2.001830000000000000e+05
2.002790000000000000e+05
2.016750000000000000e+05
2.030880000000000000e+05
2.033530000000000000e+05
2.042290000000000000e+05
2.065300000000000000e+05
2.080870000000000000e+05
2.108640000000000000e+05
2.112200000000000000e+05
2.135150000000000000e+05
2.204460000000000000e+05
2.213540000000000000e+05
2.215490000000000000e+05
2.240860000000000000e+05
2.242070000000000000e+05
2.245880000000000000e+05
2.257930000000000000e+05
2.280970000000000000e+05
2.294470000000000000e+05
2.336050000000000000e+05
2.343570000000000000e+05
2.349290000000000000e+05
2.364410000000000000e+05
2.383760000000000000e+05
2.384440000000000000e+05
2.400460000000000000e+05
2.413420000000000000e+05
2.415630000000000000e+05
2.421730000000000000e+05
2.451200000000000000e+05
2.451340000000000000e+05
2.452270000000000000e+05
2.456410000000000000e+05
2.461060000000000000e+05
2.506920000000000000e+05
2.514590000000000000e+05
2.530150000000000000e+05
2.533410000000000000e+05
2.537730000000000000e+05
2.552160000000000000e+05
2.580980000000000000e+05
2.617920000000000000e+05
2.623260000000000000e+05
2.624900000000000000e+05
2.668390000000000000e+05
2.717150000000000000e+05
2.721510000000000000e+05
2.723470000000000000e+05
2.744840000000000000e+05
2.746570000000000000e+05
2.757640000000000000e+05
2.769070000000000000e+05
2.792670000000000000e+05
2.799200000000000000e+05
2.813440000000000000e+05
2.818330000000000000e+05
2.841730000000000000e+05
2.914850000000000000e+05
2.951300000000000000e+05
2.965940000000000000e+05
2.970230000000000000e+05
3.014640000000000000e+05
3.078720000000000000e+05
3.122490000000000000e+05
3.130750000000000000e+05
3.143980000000000000e+05
3.144700000000000000e+05
3.151560000000000000e+05
3.192890000000000000e+05
3.218220000000000000e+05
3.239410000000000000e+05
3.255620000000000000e+05
3.286110000000000000e+05
3.290120000000000000e+05
3.305780000000000000e+05
3.308980000000000000e+05
3.343190000000000000e+05
3.392390000000000000e+05
3.425170000000000000e+05
3.441990000000000000e+05
3.442490000000000000e+05
3.445860000000000000e+05
3.448260000000000000e+05
3.459030000000000000e+05
3.477020000000000000e+05
3.486550000000000000e+05
3.491640000000000000e+05
3.507070000000000000e+05
3.597240000000000000e+05
3.603910000000000000e+05
3.609010000000000000e+05
3.638690000000000000e+05
3.647240000000000000e+05
3.658080000000000000e+05
3.663930000000000000e+05
3.709760000000000000e+05
3.731210000000000000e+05
3.764140000000000000e+05
3.764270000000000000e+05
3.827210000000000000e+05
3.835070000000000000e+05
3.835330000000000000e+05
3.872220000000000000e+05
3.942040000000000000e+05
3.951730000000000000e+05
3.964440000000000000e+05
3.971330000000000000e+05
3.974150000000000000e+05
3.982130000000000000e+05
4.002410000000000000e+05
4.048790000000000000e+05
4.062370000000000000e+05
4.076760000000000000e+05
4.104940000000000000e+05
4.113520000000000000e+05
4.141200000000000000e+05
4.162660000000000000e+05
4.165140000000000000e+05
4.196430000000000000e+05
4.224540000000000000e+05
4.260330000000000000e+05
4.269160000000000000e+05
4.280110000000000000e+05
4.304860000000000000e+05
4.333740000000000000e+05
4.339070000000000000e+05
4.365470000000000000e+05
4.378360000000000000e+05
4.398790000000000000e+05
4.426080000000000000e+05
4.429620000000000000e+05
4.433380000000000000e+05
4.460410000000000000e+05
4.478060000000000000e+05
4.493270000000000000e+05
4.515420000000000000e+05
4.546940000000000000e+05
4.560130000000000000e+05
4.563920000000000000e+05
4.577020000000000000e+05
4.595610000000000000e+05
4.635000000000000000e+05
4.684150000000000000e+05
4.697510000000000000e+05
4.722390000000000000e+05
4.739050000000000000e+05
4.742410000000000000e+05
4.755360000000000000e+05
4.771580000000000000e+05
4.799010000000000000e+05
4.810830000000000000e+05
4.812910000000000000e+05
4.814030000000000000e+05
4.815910000000000000e+05
4.816880000000000000e+05
4.883930000000000000e+05
4.899500000000000000e+05
4.902310000000000000e+05
4.909940000000000000e+05
4.913530000000000000e+05
4.948350000000000000e+05
4.952540000000000000e+05
4.971700000000000000e+05
5.016460000000000000e+05
5.025920000000000000e+05
5.064880000000000000e+05
5.075560000000000000e+05
5.110530000000000000e+05
5.139690000000000000e+05
5.142500000000000000e+05
5.180050000000000000e+05
5.193010000000000000e+05
5.219940000000000000e+05
5.241410000000000000e+05
5.321690000000000000e+05
5.347820000000000000e+05
5.404640000000000000e+05
5.409910000000000000e+05
5.412610000000000000e+05
5.421830000000000000e+05
5.455590000000000000e+05
5.527590000000000000e+05
5.535550000000000000e+05
5.545530000000000000e+05
5.558240000000000000e+05
5.675080000000000000e+05
5.679320000000000000e+05
5.699790000000000000e+05
5.723260000000000000e+05
5.740880000000000000e+05
5.752950000000000000e+05
5.778540000000000000e+05
5.811570000000000000e+05
5.831050000000000000e+05
5.836670000000000000e+05
5.857030000000000000e+05
5.907110000000000000e+05
5.913380000000000000e+05
5.927690000000000000e+05
5.947810000000000000e+05
5.956480000000000000e+05
5.996230000000000000e+05
6.008380000000000000e+05
6.040290000000000000e+05
6.097660000000000000e+05
6.121200000000000000e+05
6.128770000000000000e+05
6.177300000000000000e+05
6.184600000000000000e+05
6.305920000000000000e+05
6.321210000000000000e+05
6.322410000000000000e+05
6.334430000000000000e+05
6.342560000000000000e+05
6.381910000000000000e+05
6.392930000000000000e+05
6.444930000000000000e+05
6.445530000000000000e+05
6.467470000000000000e+05
6.479880000000000000e+05
6.494890000000000000e+05
6.510000000000000000e+05
6.510530000000000000e+05
6.527350000000000000e+05
6.527950000000000000e+05
6.550320000000000000e+05
6.571200000000000000e+05
6.597150000000000000e+05
6.611210000000000000e+05
6.619060000000000000e+05
6.636490000000000000e+05
6.655520000000000000e+05
6.687950000000000000e+05
6.693810000000000000e+05
6.706830000000000000e+05
6.756320000000000000e+05
6.774020000000000000e+05
6.777000000000000000e+05
6.779590000000000000e+05
6.814480000000000000e+05
6.862300000000000000e+05
6.865010000000000000e+05
6.907080000000000000e+05
6.944240000000000000e+05
6.944490000000000000e+05
6.983210000000000000e+05
6.987150000000000000e+05
6.989290000000000000e+05
7.046660000000000000e+05
7.062440000000000000e+05
7.087260000000000000e+05
7.108960000000000000e+05
7.110890000000000000e+05
7.127470000000000000e+05
7.128930000000000000e+05
7.138410000000000000e+05
7.138570000000000000e+05
7.159680000000000000e+05
7.197060000000000000e+05
7.226950000000000000e+05
7.240510000000000000e+05
7.243650000000000000e+05
7.296890000000000000e+05
7.326020000000000000e+05
7.327750000000000000e+05
7.356010000000000000e+05
7.416680000000000000e+05
7.434120000000000000e+05
7.435320000000000000e+05
7.490530000000000000e+05
7.507810000000000000e+05
7.515740000000000000e+05
7.539750000000000000e+05
7.545550000000000000e+05
7.548960000000000000e+05
7.579520000000000000e+05
7.610310000000000000e+05
7.652130000000000000e+05
7.656820000000000000e+05
7.683020000000000000e+05
7.686630000000000000e+05
7.690740000000000000e+05
7.695760000000000000e+05
7.719540000000000000e+05
7.761540000000000000e+05
7.774180000000000000e+05
7.798480000000000000e+05
7.800990000000000000e+05
7.822780000000000000e+05
7.842280000000000000e+05
7.848740000000000000e+05
7.853380000000000000e+05
7.853700000000000000e+05
7.884270000000000000e+05
7.894760000000000000e+05
7.902450000000000000e+05
7.958650000000000000e+05
7.966360000000000000e+05
7.972120000000000000e+05
8.003090000000000000e+05
8.014620000000000000e+05
8.040740000000000000e+05
8.074820000000000000e+05
8.086220000000000000e+05
8.087560000000000000e+05
8.105090000000000000e+05
8.118890000000000000e+05
8.119840000000000000e+05
8.127570000000000000e+05
8.132740000000000000e+05
8.164030000000000000e+05
8.166760000000000000e+05
8.179810000000000000e+05
8.183430000000000000e+05
8.229410000000000000e+05
8.268150000000000000e+05
8.278280000000000000e+05
8.283380000000000000e+05
8.303380000000000000e+05
8.311580000000000000e+05
8.361040000000000000e+05
8.390020000000000000e+05
8.430580000000000000e+05
8.439900000000000000e+05
8.446990000000000000e+05
8.475480000000000000e+05
8.477710000000000000e+05
8.491060000000000000e+05
8.505230000000000000e+05
8.507850000000000000e+05
8.518570000000000000e+05
8.528890000000000000e+05
8.547860000000000000e+05
8.597940000000000000e+05
8.615880000000000000e+05
8.648830000000000000e+05
8.677480000000000000e+05
8.682260000000000000e+05
8.685680000000000000e+05
8.699190000000000000e+05
8.776540000000000000e+05
8.826280000000000000e+05
8.841700000000000000e+05
8.868180000000000000e+05
8.875290000000000000e+05
8.883760000000000000e+05
8.900250000000000000e+05
8.923610000000000000e+05
8.930150000000000000e+05
8.948790000000000000e+05
8.960080000000000000e+05
8.990110000000000000e+05
8.992650000000000000e+05
9.003940000000000000e+05
9.019200000000000000e+05
9.038040000000000000e+05
9.050340000000000000e+05
9.064190000000000000e+05
9.077930000000000000e+05
9.105770000000000000e+05
9.106730000000000000e+05
9.164270000000000000e+05
9.165870000000000000e+05
9.185820000000000000e+05
9.207370000000000000e+05
9.211620000000000000e+05
9.217790000000000000e+05
9.220240000000000000e+05
9.224870000000000000e+05
9.240610000000000000e+05
9.242650000000000000e+05
9.299930000000000000e+05
9.338020000000000000e+05
9.348620000000000000e+05
9.401690000000000000e+05
9.454040000000000000e+05
9.465510000000000000e+05
9.527350000000000000e+05
9.538940000000000000e+05
9.562130000000000000e+05
9.588590000000000000e+05
9.608190000000000000e+05
9.612260000000000000e+05
9.649660000000000000e+05
9.653720000000000000e+05
9.685050000000000000e+05
9.700310000000000000e+05
9.717220000000000000e+05
9.717430000000000000e+05
9.732830000000000000e+05
9.745120000000000000e+05
9.791950000000000000e+05
9.792420000000000000e+05
9.795860000000000000e+05
9.796570000000000000e+05
9.802710000000000000e+05
9.867400000000000000e+05
9.907010000000000000e+05
9.912000000000000000e+05
9.921970000000000000e+05
9.931600000000000000e+05
9.972390000000000000e+05
1.000924000000000000e+06
1.008471000000000000e+06
1.008989000000000000e+06
1.009947000000000000e+06
1.010522000000000000e+06
1.010576000000000000e+06
1.010970000000000000e+06
1.012163000000000000e+06
1.015462000000000000e+06
1.017174000000000000e+06
1.020735000000000000e+06
1.022405000000000000e+06
1.023487000000000000e+06
1.025275000000000000e+06
1.025841000000000000e+06
1.026122000000000000e+06
1.028356000000000000e+06
1.030691000000000000e+06
1.033381000000000000e+06
1.033539000000000000e+06
1.035570000000000000e+06
1.041805000000000000e+06
1.047052000000000000e+06
1.047547000000000000e+06
1.048742000000000000e+06
1.053746000000000000e+06
1.054881000000000000e+06
1.057402000000000000e+06
1.058242000000000000e+06
1.064183000000000000e+06
1.064234000000000000e+06
1.067268000000000000e+06
1.068195000000000000e+06
1.071269000000000000e+06
1.072883000000000000e+06
1.076156000000000000e+06
1.077445000000000000e+06
1.079171000000000000e+06
1.079358000000000000e+06
1.081364000000000000e+06
1.081835000000000000e+06
1.084853000000000000e+06
1.087658000000000000e+06
1.088297000000000000e+06
1.088432000000000000e+06
1.090469000000000000e+06
1.090487000000000000e+06
1.097111000000000000e+06
1.101608000000000000e+06
1.102093000000000000e+06
1.103705000000000000e+06
1.104139000000000000e+06
1.106739000000000000e+06
1.107774000000000000e+06
1.114773000000000000e+06
1.115453000000000000e+06
1.115623000000000000e+06
1.116807000000000000e+06
1.117140000000000000e+06
1.117294000000000000e+06
1.118282000000000000e+06
1.121102000000000000e+06
1.124976000000000000e+06
1.125104000000000000e+06
1.125613000000000000e+06
1.128200000000000000e+06
1.128239000000000000e+06
1.131011000000000000e+06
1.132133000000000000e+06
1.133443000000000000e+06
1.137391000000000000e+06
1.137707000000000000e+06
1.146488000000000000e+06
1.148102000000000000e+06
1.150201000000000000e+06
1.150581000000000000e+06
1.155920000000000000e+06
1.157916000000000000e+06
1.160422000000000000e+06
1.161805000000000000e+06
1.164329000000000000e+06
1.168290000000000000e+06
1.172360000000000000e+06
1.173475000000000000e+06
1.175499000000000000e+06
1.177507000000000000e+06
1.180092000000000000e+06
1.180465000000000000e+06
1.181626000000000000e+06
1.186589000000000000e+06
1.187632000000000000e+06
1.188318000000000000e+06
1.192428000000000000e+06
1.192830000000000000e+06
1.193245000000000000e+06
1.196275000000000000e+06
1.201142000000000000e+06
1.204422000000000000e+06
1.210809000000000000e+06
1.211838000000000000e+06
1.212372000000000000e+06
1.213389000000000000e+06
1.217756000000000000e+06
1.218953000000000000e+06
1.219016000000000000e+06
1.220768000000000000e+06
1.222680000000000000e+06
1.222723000000000000e+06
1.223942000000000000e+06
1.224615000000000000e+06
1.224833000000000000e+06
1.226965000000000000e+06
1.228333000000000000e+06
1.230444000000000000e+06
1.233078000000000000e+06
1.236293000000000000e+06
1.236705000000000000e+06
1.240099000000000000e+06
1.243892000000000000e+06
1.244681000000000000e+06
1.245139000000000000e+06
1.247206000000000000e+06
1.247321000000000000e+06
1.248090000000000000e+06
1.253172000000000000e+06
1.255592000000000000e+06
1.257519000000000000e+06
1.260072000000000000e+06
1.260356000000000000e+06
1.260577000000000000e+06
1.262449000000000000e+06
1.265433000000000000e+06
1.269697000000000000e+06
1.270195000000000000e+06
1.272669000000000000e+06
1.275877000000000000e+06
1.277768000000000000e+06
1.280864000000000000e+06
1.284492000000000000e+06
1.285625000000000000e+06
1.288170000000000000e+06
1.288580000000000000e+06
1.288723000000000000e+06
1.291104000000000000e+06
1.291514000000000000e+06
1.292393000000000000e+06
1.298170000000000000e+06
1.298700000000000000e+06
1.299967000000000000e+06
1.300485000000000000e+06
1.301460000000000000e+06
1.302091000000000000e+06
1.302130000000000000e+06
1.304446000000000000e+06
1.306463000000000000e+06
1.308197000000000000e+06
1.308594000000000000e+06
1.313152000000000000e+06
1.314232000000000000e+06
1.314803000000000000e+06
1.315549000000000000e+06
1.315751000000000000e+06
1.316100000000000000e+06
1.320374000000000000e+06
1.320927000000000000e+06
1.321506000000000000e+06
1.323607000000000000e+06
1.324252000000000000e+06
1.325857000000000000e+06
1.326092000000000000e+06
1.327067000000000000e+06
1.327463000000000000e+06
1.327828000000000000e+06
1.328253000000000000e+06
1.329455000000000000e+06
1.334318000000000000e+06
1.336185000000000000e+06
1.336488000000000000e+06
1.338966000000000000e+06
1.341856000000000000e+06
1.342604000000000000e+06
1.345335000000000000e+06
1.347455000000000000e+06
1.349007000000000000e+06
1.349370000000000000e+06
1.350716000000000000e+06
1.351364000000000000e+06
1.355926000000000000e+06
1.356137000000000000e+06
1.356217000000000000e+06
1.357319000000000000e+06
1.357673000000000000e+06
1.359158000000000000e+06
1.361033000000000000e+06
1.362218000000000000e+06
1.363024000000000000e+06
1.365844000000000000e+06
1.365878000000000000e+06
1.367110000000000000e+06
1.379068000000000000e+06
1.385671000000000000e+06
1.388112000000000000e+06
1.392471000000000000e+06
1.395667000000000000e+06
1.396908000000000000e+06
1.399136000000000000e+06
1.400452000000000000e+06
1.402993000000000000e+06
1.403143000000000000e+06
1.406233000000000000e+06
1.407390000000000000e+06
1.407828000000000000e+06
1.409201000000000000e+06
1.410966000000000000e+06
1.411027000000000000e+06
1.412176000000000000e+06
1.412845000000000000e+06
1.414084000000000000e+06
1.415362000000000000e+06
1.416485000000000000e+06
1.418315000000000000e+06
1.418573000000000000e+06
1.418971000000000000e+06
1.421219000000000000e+06
1.422201000000000000e+06
1.424545000000000000e+06
1.425911000000000000e+06
1.426000000000000000e+06
1.426887000000000000e+06
1.431780000000000000e+06
1.433116000000000000e+06
1.434791000000000000e+06
1.434862000000000000e+06
1.434908000000000000e+06
1.437500000000000000e+06
1.437749000000000000e+06
1.443910000000000000e+06
1.444938000000000000e+06
1.448929000000000000e+06
1.449241000000000000e+06
1.450654000000000000e+06
1.452139000000000000e+06
1.452687000000000000e+06
1.453024000000000000e+06
1.453101000000000000e+06
1.454157000000000000e+06
1.462402000000000000e+06
1.464502000000000000e+06
1.464625000000000000e+06
1.465733000000000000e+06
1.468160000000000000e+06
1.469326000000000000e+06
1.471845000000000000e+06
1.472314000000000000e+06
1.473735000000000000e+06
1.480935000000000000e+06
1.482515000000000000e+06
1.482560000000000000e+06
1.486798000000000000e+06
1.487205000000000000e+06
1.494989000000000000e+06
1.496137000000000000e+06
1.496718000000000000e+06
1.499114000000000000e+06
1.499716000000000000e+06
1.501305000000000000e+06
1.505543000000000000e+06
1.506596000000000000e+06
1.506987000000000000e+06
1.507541000000000000e+06
1.508829000000000000e+06
1.512398000000000000e+06
1.513754000000000000e+06
1.515584000000000000e+06
1.519449000000000000e+06
1.521053000000000000e+06
1.523231000000000000e+06
1.523318000000000000e+06
1.523588000000000000e+06
1.524639000000000000e+06
1.524812000000000000e+06
1.526782000000000000e+06
1.531030000000000000e+06
1.531547000000000000e+06
1.533914000000000000e+06
1.535654000000000000e+06
1.544098000000000000e+06
1.547168000000000000e+06
1.549864000000000000e+06
1.552123000000000000e+06
1.553831000000000000e+06
1.558257000000000000e+06
1.558680000000000000e+06
1.561691000000000000e+06
1.562029000000000000e+06
1.562175000000000000e+06
1.564587000000000000e+06
1.565337000000000000e+06
1.568950000000000000e+06
1.569031000000000000e+06
1.569739000000000000e+06
1.574443000000000000e+06
1.574546000000000000e+06
1.575654000000000000e+06
1.577419000000000000e+06
1.578238000000000000e+06
1.579398000000000000e+06
1.584042000000000000e+06
1.585706000000000000e+06
1.586535000000000000e+06
1.587175000000000000e+06
1.587998000000000000e+06
1.588387000000000000e+06
1.588671000000000000e+06
1.593878000000000000e+06
1.596085000000000000e+06
1.597966000000000000e+06
1.598022000000000000e+06
1.603981000000000000e+06
1.608662000000000000e+06
1.610154000000000000e+06
1.611299000000000000e+06
1.612733000000000000e+06
1.614066000000000000e+06
1.617383000000000000e+06
1.618744000000000000e+06
1.623653000000000000e+06
1.623686000000000000e+06
1.625395000000000000e+06
1.628361000000000000e+06
1.628492000000000000e+06
1.630069000000000000e+06
1.632106000000000000e+06
1.634086000000000000e+06
1.644601000000000000e+06
1.645486000000000000e+06
1.646482000000000000e+06
1.648379000000000000e+06
1.649040000000000000e+06
1.650679000000000000e+06
1.654701000000000000e+06
1.662274000000000000e+06
1.663078000000000000e+06
1.663960000000000000e+06
1.665300000000000000e+06
1.665934000000000000e+06
1.666155000000000000e+06
1.666428000000000000e+06
1.667065000000000000e+06
1.668097000000000000e+06
1.670253000000000000e+06
1.671269000000000000e+06
1.676701000000000000e+06
1.678082000000000000e+06
1.683536000000000000e+06
1.684667000000000000e+06
1.687834000000000000e+06
1.687856000000000000e+06
1.694300000000000000e+06
1.694600000000000000e+06
1.697782000000000000e+06
1.699351000000000000e+06
1.699639000000000000e+06
1.705499000000000000e+06
1.706444000000000000e+06
1.706595000000000000e+06
1.708653000000000000e+06
1.711318000000000000e+06
1.714595000000000000e+06
1.716631000000000000e+06
1.717856000000000000e+06
1.722699000000000000e+06
1.722703000000000000e+06
1.723925000000000000e+06
1.725448000000000000e+06
1.727195000000000000e+06
1.727881000000000000e+06
1.731285000000000000e+06
1.731417000000000000e+06
1.731699000000000000e+06
1.732450000000000000e+06
1.733396000000000000e+06
1.733634000000000000e+06
1.735833000000000000e+06
1.736435000000000000e+06
1.738630000000000000e+06
1.740825000000000000e+06
1.744027000000000000e+06
1.744140000000000000e+06
1.745375000000000000e+06
1.746377000000000000e+06
1.750228000000000000e+06
1.753106000000000000e+06
1.754285000000000000e+06
1.759021000000000000e+06
1.759163000000000000e+06
1.762082000000000000e+06
1.763963000000000000e+06
1.764190000000000000e+06
1.766205000000000000e+06
1.766460000000000000e+06
1.767994000000000000e+06
1.768136000000000000e+06
1.768397000000000000e+06
1.771054000000000000e+06
1.771957000000000000e+06
1.773567000000000000e+06
1.776203000000000000e+06
1.779323000000000000e+06
1.784474000000000000e+06
1.785556000000000000e+06
1.788152000000000000e+06
1.788325000000000000e+06
1.788843000000000000e+06
1.790094000000000000e+06
1.790759000000000000e+06
1.795746000000000000e+06
1.798313000000000000e+06
1.803346000000000000e+06
1.805569000000000000e+06
1.807473000000000000e+06
1.809925000000000000e+06
1.811363000000000000e+06
1.812186000000000000e+06
1.813224000000000000e+06
1.814353000000000000e+06
1.814625000000000000e+06
1.815039000000000000e+06
1.817689000000000000e+06
1.823199000000000000e+06
1.824293000000000000e+06
1.825056000000000000e+06
1.825828000000000000e+06
1.826583000000000000e+06
1.827046000000000000e+06
1.827661000000000000e+06
1.828744000000000000e+06
1.832151000000000000e+06
1.837835000000000000e+06
1.841565000000000000e+06
1.848675000000000000e+06
1.853664000000000000e+06
1.854596000000000000e+06
1.855758000000000000e+06
1.857218000000000000e+06
1.858012000000000000e+06
1.858369000000000000e+06
1.860101000000000000e+06
1.863636000000000000e+06
1.863885000000000000e+06
1.863940000000000000e+06
1.864016000000000000e+06
1.864347000000000000e+06
1.870732000000000000e+06
1.871666000000000000e+06
1.871978000000000000e+06
1.872262000000000000e+06
1.874148000000000000e+06
1.874201000000000000e+06
1.874392000000000000e+06
1.876612000000000000e+06
1.878652000000000000e+06
1.880981000000000000e+06
1.881456000000000000e+06
1.884213000000000000e+06
1.888265000000000000e+06
1.890923000000000000e+06
1.891879000000000000e+06
1.894461000000000000e+06
1.895504000000000000e+06
1.900144000000000000e+06
1.907175000000000000e+06
1.908625000000000000e+06
1.908637000000000000e+06
1.912372000000000000e+06
1.917889000000000000e+06
1.925916000000000000e+06
1.931032000000000000e+06
1.933959000000000000e+06
1.934496000000000000e+06
1.945567000000000000e+06
1.945926000000000000e+06
1.946376000000000000e+06
1.948939000000000000e+06
1.951592000000000000e+06
1.952097000000000000e+06
