2.290000000000000000e+02
2.327000000000000000e+03
3.792000000000000000e+03
3.967000000000000000e+03
6.040000000000000000e+03
6.212000000000000000e+03
6.431000000000000000e+03
7.634000000000000000e+03
1.064200000000000000e+04
1.343600000000000000e+04
1.547200000000000000e+04
1.844500000000000000e+04
1.846200000000000000e+04
1.846600000000000000e+04
1.876300000000000000e+04
1.896900000000000000e+04
1.947000000000000000e+04
2.138600000000000000e+04
2.375300000000000000e+04
2.383600000000000000e+04
2.662900000000000000e+04
2.811700000000000000e+04
2.908600000000000000e+04
2.972600000000000000e+04
3.211500000000000000e+04
3.627900000000000000e+04
3.636200000000000000e+04
3.769700000000000000e+04
3.869100000000000000e+04
3.914700000000000000e+04
3.936700000000000000e+04
4.156100000000000000e+04
4.583100000000000000e+04
4.875100000000000000e+04
4.948200000000000000e+04
5.076500000000000000e+04
5.250200000000000000e+04
5.491500000000000000e+04
6.019800000000000000e+04
6.052900000000000000e+04
6.104600000000000000e+04
6.328400000000000000e+04
6.347500000000000000e+04
6.384900000000000000e+04
6.445900000000000000e+04
6.494300000000000000e+04
6.759400000000000000e+04
6.989100000000000000e+04
7.158300000000000000e+04
8.075400000000000000e+04
8.168600000000000000e+04
8.247500000000000000e+04
8.377700000000000000e+04
8.841200000000000000e+04
9.305700000000000000e+04
9.343400000000000000e+04
9.640700000000000000e+04
9.756300000000000000e+04
9.759400000000000000e+04
1.042170000000000000e+05
1.053010000000000000e+05
1.079500000000000000e+05
1.081300000000000000e+05
1.085370000000000000e+05
1.107190000000000000e+05
1.108550000000000000e+05
1.192020000000000000e+05
1.196300000000000000e+05
1.215750000000000000e+05
1.226260000000000000e+05
1.230700000000000000e+05
1.239400000000000000e+05
1.294730000000000000e+05
1.305770000000000000e+05
1.317070000000000000e+05
1.317530000000000000e+05
1.343780000000000000e+05
1.372980000000000000e+05
1.384500000000000000e+05
1.394760000000000000e+05
1.409140000000000000e+05
1.444270000000000000e+05
1.517490000000000000e+05
1.518810000000000000e+05
1.531380000000000000e+05
1.538110000000000000e+05
1.570100000000000000e+05
1.589110000000000000e+05
1.609610000000000000e+05
1.620330000000000000e+05
1.627720000000000000e+05
1.674360000000000000e+05
1.687570000000000000e+05
1.707810000000000000e+05
1.727410000000000000e+05
1.748750000000000000e+05
1.757390000000000000e+05
1.778020000000000000e+05
1.786580000000000000e+05
1.803100000000000000e+05
1.811590000000000000e+05
1.816330000000000000e+05
1.834220000000000000e+05
1.850630000000000000e+05
1.861740000000000000e+05
1.867920000000000000e+05
1.901910000000000000e+05
1.922120000000000000e+05
1.933320000000000000e+05
1.939740000000000000e+05
1.976280000000000000e+05
2.003960000000000000e+05
2.007380000000000000e+05
2.012270000000000000e+05
2.013200000000000000e+05
2.015950000000000000e+05
2.059870000000000000e+05
2.065960000000000000e+05
2.103020000000000000e+05
2.117670000000000000e+05
2.137840000000000000e+05
2.198130000000000000e+05
2.213920000000000000e+05
2.221540000000000000e+05
2.242770000000000000e+05
2.330590000000000000e+05
2.344610000000000000e+05
2.368800000000000000e+05
2.397180000000000000e+05
2.399540000000000000e+05
2.421440000000000000e+05
2.428110000000000000e+05
2.452660000000000000e+05
2.452750000000000000e+05
2.483620000000000000e+05
2.487010000000000000e+05
2.503620000000000000e+05
2.504980000000000000e+05
2.553390000000000000e+05
2.572880000000000000e+05
2.593330000000000000e+05
2.595750000000000000e+05
2.618200000000000000e+05
2.636020000000000000e+05
2.729950000000000000e+05
2.733590000000000000e+05
2.761230000000000000e+05
2.783340000000000000e+05
2.826190000000000000e+05
2.836550000000000000e+05
2.854850000000000000e+05
2.894280000000000000e+05
2.919510000000000000e+05
2.928830000000000000e+05
2.962020000000000000e+05
2.968400000000000000e+05
2.995170000000000000e+05
3.008060000000000000e+05
3.019930000000000000e+05
3.020480000000000000e+05
3.030510000000000000e+05
3.060560000000000000e+05
3.080190000000000000e+05
3.098730000000000000e+05
3.118000000000000000e+05
3.126470000000000000e+05
3.142980000000000000e+05
3.144940000000000000e+05
3.194890000000000000e+05
3.225000000000000000e+05
3.244410000000000000e+05
3.283530000000000000e+05
3.311190000000000000e+05
3.319570000000000000e+05
3.326480000000000000e+05
3.336780000000000000e+05
3.353550000000000000e+05
3.354790000000000000e+05
3.360050000000000000e+05
3.380800000000000000e+05
3.388000000000000000e+05
3.394270000000000000e+05
3.398030000000000000e+05
3.443390000000000000e+05
3.454840000000000000e+05
3.461370000000000000e+05
3.466860000000000000e+05
3.469860000000000000e+05
3.475630000000000000e+05
3.507420000000000000e+05
3.507650000000000000e+05
3.524430000000000000e+05
3.557190000000000000e+05
3.558660000000000000e+05
3.570760000000000000e+05
3.576140000000000000e+05
3.661130000000000000e+05
3.683500000000000000e+05
3.702970000000000000e+05
3.753000000000000000e+05
3.768480000000000000e+05
3.783600000000000000e+05
3.802670000000000000e+05
3.836770000000000000e+05
3.845310000000000000e+05
3.864190000000000000e+05
3.899730000000000000e+05
3.997040000000000000e+05
4.009000000000000000e+05
4.015620000000000000e+05
4.017930000000000000e+05
4.087790000000000000e+05
4.088820000000000000e+05
4.119400000000000000e+05
4.134680000000000000e+05
4.162650000000000000e+05
4.193080000000000000e+05
4.210480000000000000e+05
4.210880000000000000e+05
4.234450000000000000e+05
4.279640000000000000e+05
4.291900000000000000e+05
4.340130000000000000e+05
4.352280000000000000e+05
4.367010000000000000e+05
4.372120000000000000e+05
4.436530000000000000e+05
4.448560000000000000e+05
4.499200000000000000e+05
4.499910000000000000e+05
4.508840000000000000e+05
4.537940000000000000e+05
4.540940000000000000e+05
4.544730000000000000e+05
4.599340000000000000e+05
4.618520000000000000e+05
4.641080000000000000e+05
4.697760000000000000e+05
4.699870000000000000e+05
4.707810000000000000e+05
4.730060000000000000e+05
4.756350000000000000e+05
4.764690000000000000e+05
4.773380000000000000e+05
4.781190000000000000e+05
4.786130000000000000e+05
4.806950000000000000e+05
4.822830000000000000e+05
4.848230000000000000e+05
4.867270000000000000e+05
4.892490000000000000e+05
4.920240000000000000e+05
4.947020000000000000e+05
5.022210000000000000e+05
5.027290000000000000e+05
5.040510000000000000e+05
5.052010000000000000e+05
5.057430000000000000e+05
5.075790000000000000e+05
5.093760000000000000e+05
5.153660000000000000e+05
5.155270000000000000e+05
5.166270000000000000e+05
5.171030000000000000e+05
5.175940000000000000e+05
5.207060000000000000e+05
5.208990000000000000e+05
5.219900000000000000e+05
5.233070000000000000e+05
5.233280000000000000e+05
5.253560000000000000e+05
5.253960000000000000e+05
5.257880000000000000e+05
5.260480000000000000e+05
5.265760000000000000e+05
5.291110000000000000e+05
5.316190000000000000e+05
5.319310000000000000e+05
5.330780000000000000e+05
5.363060000000000000e+05
5.421390000000000000e+05
5.503630000000000000e+05
5.629950000000000000e+05
5.662060000000000000e+05
5.667490000000000000e+05
5.683630000000000000e+05
5.700010000000000000e+05
5.704700000000000000e+05
5.705990000000000000e+05
5.714980000000000000e+05
5.716470000000000000e+05
5.743090000000000000e+05
5.776230000000000000e+05
5.780960000000000000e+05
5.788210000000000000e+05
5.832470000000000000e+05
5.834280000000000000e+05
5.849370000000000000e+05
5.879670000000000000e+05
5.893830000000000000e+05
5.912290000000000000e+05
5.966630000000000000e+05
5.972590000000000000e+05
5.976540000000000000e+05
6.009410000000000000e+05
6.034310000000000000e+05
6.061340000000000000e+05
6.073950000000000000e+05
6.092760000000000000e+05
6.124360000000000000e+05
6.135860000000000000e+05
6.143150000000000000e+05
6.162500000000000000e+05
6.183600000000000000e+05
6.260500000000000000e+05
6.284140000000000000e+05
6.286850000000000000e+05
6.299870000000000000e+05
6.305100000000000000e+05
6.368990000000000000e+05
6.421200000000000000e+05
6.490150000000000000e+05
6.500850000000000000e+05
6.506830000000000000e+05
6.513680000000000000e+05
6.539230000000000000e+05
6.552160000000000000e+05
6.564020000000000000e+05
6.594400000000000000e+05
6.606750000000000000e+05
6.619010000000000000e+05
6.623180000000000000e+05
6.627910000000000000e+05
6.634090000000000000e+05
6.647060000000000000e+05
6.660660000000000000e+05
6.663720000000000000e+05
6.673900000000000000e+05
6.676660000000000000e+05
6.685280000000000000e+05
6.689270000000000000e+05
6.698310000000000000e+05
6.749660000000000000e+05
6.770390000000000000e+05
6.793650000000000000e+05
6.826410000000000000e+05
6.849120000000000000e+05
6.852110000000000000e+05
6.857830000000000000e+05
6.861580000000000000e+05
6.879190000000000000e+05
6.881250000000000000e+05
6.885050000000000000e+05
6.888000000000000000e+05
6.904410000000000000e+05
6.935080000000000000e+05
6.936540000000000000e+05
6.939010000000000000e+05
6.942760000000000000e+05
6.960900000000000000e+05
6.992100000000000000e+05
7.032530000000000000e+05
7.033700000000000000e+05
7.059330000000000000e+05
7.072640000000000000e+05
7.074830000000000000e+05
7.129770000000000000e+05
7.167900000000000000e+05
7.189980000000000000e+05
7.222690000000000000e+05
7.239780000000000000e+05
7.240690000000000000e+05
7.255290000000000000e+05
7.267920000000000000e+05
7.270950000000000000e+05
7.299780000000000000e+05
7.340920000000000000e+05
7.348030000000000000e+05
7.374660000000000000e+05
7.380950000000000000e+05
7.407500000000000000e+05
7.436350000000000000e+05
7.448500000000000000e+05
7.481900000000000000e+05
7.528730000000000000e+05
7.592090000000000000e+05
7.652460000000000000e+05
7.657760000000000000e+05
7.682100000000000000e+05
7.727890000000000000e+05
7.727980000000000000e+05
7.747330000000000000e+05
7.792630000000000000e+05
7.794790000000000000e+05
7.813690000000000000e+05
7.882090000000000000e+05
7.884200000000000000e+05
7.884540000000000000e+05
7.899880000000000000e+05
7.921180000000000000e+05
7.931450000000000000e+05
7.939110000000000000e+05
7.960060000000000000e+05
7.971330000000000000e+05
7.975050000000000000e+05
7.989720000000000000e+05
8.004140000000000000e+05
8.020970000000000000e+05
8.098200000000000000e+05
8.108960000000000000e+05
8.114760000000000000e+05
8.119740000000000000e+05
8.165580000000000000e+05
8.192970000000000000e+05
8.207450000000000000e+05
8.210440000000000000e+05
8.210710000000000000e+05
8.230050000000000000e+05
8.290800000000000000e+05
8.358880000000000000e+05
8.386490000000000000e+05
8.413190000000000000e+05
8.426930000000000000e+05
8.435830000000000000e+05
8.458030000000000000e+05
8.470130000000000000e+05
8.478880000000000000e+05
8.483610000000000000e+05
8.519160000000000000e+05
8.521590000000000000e+05
8.562290000000000000e+05
8.569750000000000000e+05
8.585910000000000000e+05
8.596460000000000000e+05
8.620480000000000000e+05
8.626830000000000000e+05
8.647010000000000000e+05
8.647590000000000000e+05
8.656900000000000000e+05
8.667360000000000000e+05
8.734760000000000000e+05
8.735750000000000000e+05
8.749670000000000000e+05
8.765550000000000000e+05
8.769450000000000000e+05
8.812550000000000000e+05
8.816790000000000000e+05
8.846970000000000000e+05
8.853860000000000000e+05
8.867840000000000000e+05
8.870800000000000000e+05
8.871560000000000000e+05
8.880730000000000000e+05
8.894150000000000000e+05
8.958160000000000000e+05
8.993460000000000000e+05
9.030450000000000000e+05
9.032310000000000000e+05
9.035200000000000000e+05
9.050290000000000000e+05
9.075020000000000000e+05
9.075650000000000000e+05
9.079450000000000000e+05
9.099670000000000000e+05
9.115030000000000000e+05
9.128480000000000000e+05
9.140620000000000000e+05
9.163660000000000000e+05
9.182320000000000000e+05
9.195750000000000000e+05
9.205580000000000000e+05
9.212920000000000000e+05
9.222850000000000000e+05
9.250950000000000000e+05
9.254230000000000000e+05
9.309910000000000000e+05
9.325910000000000000e+05
9.334950000000000000e+05
9.364200000000000000e+05
9.384160000000000000e+05
9.424720000000000000e+05
9.425210000000000000e+05
9.450020000000000000e+05
9.451280000000000000e+05
9.451970000000000000e+05
9.460500000000000000e+05
9.476010000000000000e+05
9.533150000000000000e+05
9.534070000000000000e+05
9.537400000000000000e+05
9.538320000000000000e+05
9.553690000000000000e+05
9.584780000000000000e+05
9.598990000000000000e+05
9.612080000000000000e+05
9.620050000000000000e+05
9.656330000000000000e+05
9.663180000000000000e+05
9.667060000000000000e+05
9.686190000000000000e+05
9.696000000000000000e+05
9.759600000000000000e+05
9.768810000000000000e+05
9.783830000000000000e+05
9.789500000000000000e+05
9.803920000000000000e+05
9.833180000000000000e+05
9.839790000000000000e+05
9.856740000000000000e+05
9.901450000000000000e+05
9.959270000000000000e+05
9.967510000000000000e+05
9.971950000000000000e+05
1.000963000000000000e+06
1.002508000000000000e+06
1.005412000000000000e+06
1.007341000000000000e+06
1.010578000000000000e+06
1.013038000000000000e+06
1.013832000000000000e+06
1.015080000000000000e+06
1.016417000000000000e+06
1.016485000000000000e+06
1.019610000000000000e+06
1.021056000000000000e+06
1.024152000000000000e+06
1.026309000000000000e+06
1.027314000000000000e+06
1.035180000000000000e+06
1.039375000000000000e+06
1.042903000000000000e+06
1.043067000000000000e+06
1.047188000000000000e+06
1.047649000000000000e+06
1.051172000000000000e+06
1.053476000000000000e+06
1.055314000000000000e+06
1.058811000000000000e+06
1.060767000000000000e+06
1.061403000000000000e+06
1.063915000000000000e+06
1.063946000000000000e+06
1.063966000000000000e+06
1.065391000000000000e+06
1.066268000000000000e+06
1.069319000000000000e+06
1.070881000000000000e+06
1.073047000000000000e+06
1.076273000000000000e+06
1.078392000000000000e+06
1.079170000000000000e+06
1.079328000000000000e+06
1.080197000000000000e+06
1.088499000000000000e+06
1.090628000000000000e+06
1.092386000000000000e+06
1.092541000000000000e+06
1.092848000000000000e+06
1.094835000000000000e+06
1.096011000000000000e+06
1.097487000000000000e+06
1.101577000000000000e+06
1.102118000000000000e+06
1.109260000000000000e+06
1.110655000000000000e+06
1.111453000000000000e+06
1.114760000000000000e+06
1.116867000000000000e+06
1.119564000000000000e+06
1.122415000000000000e+06
1.123718000000000000e+06
1.125841000000000000e+06
1.125970000000000000e+06
1.126359000000000000e+06
1.126801000000000000e+06
1.127595000000000000e+06
1.128951000000000000e+06
1.130018000000000000e+06
1.132902000000000000e+06
1.133126000000000000e+06
1.133371000000000000e+06
1.133741000000000000e+06
1.139889000000000000e+06
1.141548000000000000e+06
1.143451000000000000e+06
1.145637000000000000e+06
1.145711000000000000e+06
1.146862000000000000e+06
1.147125000000000000e+06
1.147802000000000000e+06
1.148205000000000000e+06
1.148442000000000000e+06
1.150716000000000000e+06
1.152399000000000000e+06
1.155707000000000000e+06
1.160559000000000000e+06
1.164931000000000000e+06
1.165990000000000000e+06
1.166271000000000000e+06
1.167532000000000000e+06
1.168775000000000000e+06
1.169642000000000000e+06
1.170326000000000000e+06
1.171417000000000000e+06
1.172106000000000000e+06
1.174557000000000000e+06
1.174571000000000000e+06
1.176079000000000000e+06
1.177734000000000000e+06
1.179392000000000000e+06
1.180753000000000000e+06
1.183416000000000000e+06
1.184316000000000000e+06
1.184629000000000000e+06
1.186356000000000000e+06
1.187375000000000000e+06
1.188745000000000000e+06
1.189668000000000000e+06
1.190512000000000000e+06
1.190643000000000000e+06
1.198667000000000000e+06
1.199463000000000000e+06
1.201732000000000000e+06
1.202604000000000000e+06
1.202746000000000000e+06
1.204502000000000000e+06
1.207223000000000000e+06
1.210428000000000000e+06
1.212083000000000000e+06
1.213909000000000000e+06
1.216620000000000000e+06
1.217059000000000000e+06
1.218223000000000000e+06
1.218722000000000000e+06
1.219756000000000000e+06
1.221542000000000000e+06
1.221865000000000000e+06
1.224645000000000000e+06
1.225333000000000000e+06
1.225357000000000000e+06
1.226443000000000000e+06
1.227287000000000000e+06
1.228910000000000000e+06
1.232187000000000000e+06
1.234610000000000000e+06
1.239078000000000000e+06
1.241918000000000000e+06
1.243922000000000000e+06
1.248333000000000000e+06
1.257079000000000000e+06
1.257322000000000000e+06
1.263988000000000000e+06
1.271167000000000000e+06
1.271863000000000000e+06
1.272004000000000000e+06
1.273324000000000000e+06
1.275563000000000000e+06
1.275933000000000000e+06
1.278771000000000000e+06
1.282090000000000000e+06
1.285625000000000000e+06
1.285677000000000000e+06
1.289662000000000000e+06
1.290157000000000000e+06
1.294776000000000000e+06
1.300426000000000000e+06
1.302977000000000000e+06
1.305371000000000000e+06
1.306870000000000000e+06
1.307740000000000000e+06
1.311173000000000000e+06
1.311609000000000000e+06
1.315129000000000000e+06
1.316475000000000000e+06
1.317767000000000000e+06
1.319794000000000000e+06
1.320051000000000000e+06
1.320068000000000000e+06
1.320572000000000000e+06
1.320600000000000000e+06
1.322912000000000000e+06
1.324154000000000000e+06
1.324249000000000000e+06
1.324939000000000000e+06
1.333801000000000000e+06
1.341286000000000000e+06
1.351211000000000000e+06
1.351554000000000000e+06
1.352180000000000000e+06
1.352438000000000000e+06
1.352784000000000000e+06
1.354520000000000000e+06
1.357331000000000000e+06
1.357986000000000000e+06
1.361929000000000000e+06
1.362844000000000000e+06
1.367322000000000000e+06
1.367573000000000000e+06
1.370967000000000000e+06
1.373725000000000000e+06
1.374178000000000000e+06
1.378568000000000000e+06
1.380072000000000000e+06
1.383808000000000000e+06
1.384616000000000000e+06
1.389158000000000000e+06
1.389502000000000000e+06
1.391403000000000000e+06
1.391896000000000000e+06
1.393141000000000000e+06
1.393743000000000000e+06
1.400132000000000000e+06
1.400455000000000000e+06
1.404167000000000000e+06
1.404543000000000000e+06
1.407400000000000000e+06
1.409147000000000000e+06
1.413498000000000000e+06
1.414181000000000000e+06
1.415669000000000000e+06
1.417410000000000000e+06
1.418106000000000000e+06
1.418464000000000000e+06
1.419038000000000000e+06
1.420256000000000000e+06
1.420553000000000000e+06
1.421375000000000000e+06
1.422038000000000000e+06
1.422543000000000000e+06
1.424470000000000000e+06
1.432940000000000000e+06
1.433587000000000000e+06
1.435429000000000000e+06
1.436455000000000000e+06
1.436730000000000000e+06
1.438916000000000000e+06
1.440521000000000000e+06
1.440764000000000000e+06
1.442862000000000000e+06
1.447096000000000000e+06
1.447648000000000000e+06
1.449674000000000000e+06
1.452657000000000000e+06
1.454600000000000000e+06
1.455414000000000000e+06
1.455788000000000000e+06
1.456377000000000000e+06
1.458214000000000000e+06
1.458296000000000000e+06
1.458348000000000000e+06
1.458371000000000000e+06
1.462388000000000000e+06
1.466284000000000000e+06
1.467649000000000000e+06
1.472887000000000000e+06
1.476677000000000000e+06
1.478772000000000000e+06
1.483596000000000000e+06
1.484211000000000000e+06
1.486523000000000000e+06
1.489230000000000000e+06
1.492079000000000000e+06
1.492384000000000000e+06
1.492980000000000000e+06
1.494737000000000000e+06
1.497944000000000000e+06
1.499104000000000000e+06
1.499566000000000000e+06
1.502602000000000000e+06
1.503319000000000000e+06
1.507579000000000000e+06
1.508873000000000000e+06
1.509706000000000000e+06
1.518448000000000000e+06
1.518611000000000000e+06
1.520126000000000000e+06
1.524301000000000000e+06
1.526290000000000000e+06
1.526330000000000000e+06
1.526352000000000000e+06
1.529657000000000000e+06
1.530042000000000000e+06
1.535303000000000000e+06
1.536065000000000000e+06
1.538302000000000000e+06
1.539439000000000000e+06
1.541729000000000000e+06
1.542380000000000000e+06
1.542570000000000000e+06
1.543848000000000000e+06
1.545037000000000000e+06
1.545058000000000000e+06
1.547322000000000000e+06
1.550165000000000000e+06
1.554423000000000000e+06
1.557019000000000000e+06
1.558814000000000000e+06
1.559250000000000000e+06
1.562546000000000000e+06
1.563532000000000000e+06
1.567942000000000000e+06
1.568628000000000000e+06
1.572937000000000000e+06
1.581749000000000000e+06
1.585777000000000000e+06
1.588820000000000000e+06
1.590005000000000000e+06
1.590860000000000000e+06
1.591004000000000000e+06
1.592340000000000000e+06
1.594626000000000000e+06
1.594866000000000000e+06
1.596527000000000000e+06
1.597954000000000000e+06
1.598558000000000000e+06
1.601225000000000000e+06
1.605388000000000000e+06
1.606914000000000000e+06
1.607401000000000000e+06
1.609647000000000000e+06
1.610088000000000000e+06
1.610526000000000000e+06
1.614357000000000000e+06
1.615029000000000000e+06
1.615855000000000000e+06
1.616654000000000000e+06
1.620706000000000000e+06
1.624468000000000000e+06
1.624794000000000000e+06
1.625076000000000000e+06
1.626708000000000000e+06
1.627905000000000000e+06
1.628277000000000000e+06
1.630416000000000000e+06
1.638306000000000000e+06
1.641076000000000000e+06
1.646122000000000000e+06
1.646522000000000000e+06
1.646960000000000000e+06
1.647035000000000000e+06
1.648328000000000000e+06
1.648554000000000000e+06
1.649583000000000000e+06
1.649768000000000000e+06
1.649962000000000000e+06
1.650967000000000000e+06
1.651120000000000000e+06
1.654720000000000000e+06
1.655211000000000000e+06
1.655753000000000000e+06
1.657841000000000000e+06
1.657949000000000000e+06
1.659083000000000000e+06
1.659777000000000000e+06
1.661807000000000000e+06
1.664210000000000000e+06
1.664266000000000000e+06
1.665592000000000000e+06
1.668442000000000000e+06
1.670670000000000000e+06
1.672750000000000000e+06
1.673212000000000000e+06
1.673823000000000000e+06
1.674193000000000000e+06
1.675482000000000000e+06
1.677402000000000000e+06
1.680610000000000000e+06
1.681357000000000000e+06
1.682364000000000000e+06
1.685405000000000000e+06
1.686251000000000000e+06
1.686312000000000000e+06
1.689222000000000000e+06
1.690534000000000000e+06
1.691159000000000000e+06
1.694085000000000000e+06
1.698157000000000000e+06
1.699426000000000000e+06
1.699784000000000000e+06
1.700867000000000000e+06
1.701348000000000000e+06
1.701898000000000000e+06
1.709043000000000000e+06
1.709446000000000000e+06
1.709589000000000000e+06
1.714063000000000000e+06
1.716727000000000000e+06
1.719845000000000000e+06
1.720383000000000000e+06
1.721202000000000000e+06
1.721711000000000000e+06
1.722929000000000000e+06
1.728131000000000000e+06
1.729245000000000000e+06
1.730240000000000000e+06
1.730850000000000000e+06
1.731116000000000000e+06
1.732057000000000000e+06
1.733214000000000000e+06
1.735299000000000000e+06
1.735657000000000000e+06
1.735659000000000000e+06
1.736014000000000000e+06
1.736091000000000000e+06
1.736183000000000000e+06
1.742697000000000000e+06
1.745386000000000000e+06
1.745638000000000000e+06
1.750773000000000000e+06
1.752196000000000000e+06
1.756324000000000000e+06
1.756325000000000000e+06
1.759598000000000000e+06
1.760109000000000000e+06
1.763328000000000000e+06
1.763908000000000000e+06
1.766503000000000000e+06
1.766744000000000000e+06
1.768098000000000000e+06
1.774540000000000000e+06
1.776639000000000000e+06
1.779231000000000000e+06
1.783325000000000000e+06
1.784369000000000000e+06
1.785293000000000000e+06
1.786072000000000000e+06
1.788402000000000000e+06
1.791715000000000000e+06
1.793156000000000000e+06
1.793647000000000000e+06
1.796820000000000000e+06
1.797117000000000000e+06
1.798939000000000000e+06
1.806233000000000000e+06
1.808867000000000000e+06
1.809516000000000000e+06
1.810218000000000000e+06
1.815016000000000000e+06
1.816876000000000000e+06
1.818553000000000000e+06
1.825250000000000000e+06
1.829303000000000000e+06
1.834857000000000000e+06
1.836469000000000000e+06
1.840296000000000000e+06
1.840556000000000000e+06
1.842338000000000000e+06
1.842774000000000000e+06
1.844332000000000000e+06
1.846711000000000000e+06
1.848033000000000000e+06
1.849675000000000000e+06
1.851792000000000000e+06
1.852408000000000000e+06
1.854877000000000000e+06
1.865712000000000000e+06
1.866691000000000000e+06
1.868049000000000000e+06
1.868597000000000000e+06
1.871349000000000000e+06
1.871576000000000000e+06
1.872336000000000000e+06
1.872351000000000000e+06
1.872660000000000000e+06
1.873724000000000000e+06
1.875027000000000000e+06
1.875305000000000000e+06
1.877155000000000000e+06
1.880332000000000000e+06
1.881213000000000000e+06
1.883923000000000000e+06
1.888479000000000000e+06
1.893658000000000000e+06
1.898159000000000000e+06
1.898272000000000000e+06
1.899011000000000000e+06
1.899338000000000000e+06
1.904138000000000000e+06
1.905036000000000000e+06
1.909027000000000000e+06
1.909456000000000000e+06
1.911551000000000000e+06
1.912245000000000000e+06
1.914074000000000000e+06
1.915949000000000000e+06
1.917420000000000000e+06
1.918701000000000000e+06
1.919261000000000000e+06
1.922103000000000000e+06
1.925688000000000000e+06
1.926610000000000000e+06
1.931506000000000000e+06
1.932830000000000000e+06
1.934014000000000000e+06
1.935449000000000000e+06
1.936095000000000000e+06
1.937304000000000000e+06
1.937377000000000000e+06
1.939154000000000000e+06
1.939538000000000000e+06
1.941866000000000000e+06
1.944787000000000000e+06
1.945650000000000000e+06
