3.472000000000000000e+03
4.989000000000000000e+03
8.691000000000000000e+03
1.217200000000000000e+04
1.394400000000000000e+04
1.501900000000000000e+04
1.546900000000000000e+04
2.299900000000000000e+04
2.709800000000000000e+04
2.798400000000000000e+04
2.987700000000000000e+04
3.028600000000000000e+04
3.293300000000000000e+04
3.426400000000000000e+04
3.574500000000000000e+04
3.781400000000000000e+04
3.968200000000000000e+04
4.140600000000000000e+04
4.194800000000000000e+04
5.347400000000000000e+04
5.478400000000000000e+04
5.759900000000000000e+04
6.198100000000000000e+04
6.316900000000000000e+04
6.733200000000000000e+04
7.245400000000000000e+04
8.238900000000000000e+04
8.252300000000000000e+04
8.509600000000000000e+04
9.135800000000000000e+04
9.225300000000000000e+04
9.366500000000000000e+04
9.382900000000000000e+04
9.694800000000000000e+04
9.807800000000000000e+04
9.987700000000000000e+04
1.008360000000000000e+05
1.025640000000000000e+05
1.038980000000000000e+05
1.040990000000000000e+05
1.054620000000000000e+05
1.093040000000000000e+05
1.107420000000000000e+05
1.109820000000000000e+05
1.120160000000000000e+05
1.125180000000000000e+05
1.126270000000000000e+05
1.132890000000000000e+05
1.152000000000000000e+05
1.167290000000000000e+05
1.169370000000000000e+05
1.192340000000000000e+05
1.231160000000000000e+05
1.241570000000000000e+05
1.294420000000000000e+05
1.333620000000000000e+05
1.403150000000000000e+05
1.429450000000000000e+05
1.433380000000000000e+05
1.441060000000000000e+05
1.447800000000000000e+05
1.484080000000000000e+05
1.496430000000000000e+05
1.521310000000000000e+05
1.536820000000000000e+05
1.554090000000000000e+05
1.659660000000000000e+05
1.667110000000000000e+05
1.694130000000000000e+05
1.694390000000000000e+05
1.699920000000000000e+05
1.717950000000000000e+05
1.735230000000000000e+05
1.749550000000000000e+05
1.783440000000000000e+05
1.784830000000000000e+05
1.796150000000000000e+05
1.801350000000000000e+05
1.802450000000000000e+05
1.813060000000000000e+05
1.841080000000000000e+05
1.861480000000000000e+05
1.868140000000000000e+05
1.909690000000000000e+05
1.920750000000000000e+05
1.933620000000000000e+05
1.946160000000000000e+05
1.975330000000000000e+05
1.999270000000000000e+05
2.012860000000000000e+05
2.046130000000000000e+05
2.112010000000000000e+05
2.128740000000000000e+05
2.135440000000000000e+05
2.142130000000000000e+05
2.163460000000000000e+05
2.196370000000000000e+05
2.207740000000000000e+05
2.219320000000000000e+05
2.222580000000000000e+05
2.229270000000000000e+05
2.232630000000000000e+05
2.262350000000000000e+05
2.287020000000000000e+05
2.289060000000000000e+05
2.292200000000000000e+05
2.293190000000000000e+05
2.303150000000000000e+05
2.323370000000000000e+05
2.354140000000000000e+05
2.409150000000000000e+05
2.419940000000000000e+05
2.440720000000000000e+05
2.450830000000000000e+05
2.459380000000000000e+05
2.471830000000000000e+05
2.472070000000000000e+05
2.482710000000000000e+05
2.540550000000000000e+05
2.635930000000000000e+05
2.653620000000000000e+05
2.666110000000000000e+05
2.670260000000000000e+05
2.695860000000000000e+05
2.701290000000000000e+05
2.704440000000000000e+05
2.708940000000000000e+05
2.729880000000000000e+05
2.763210000000000000e+05
2.779930000000000000e+05
2.801780000000000000e+05
2.823610000000000000e+05
2.836150000000000000e+05
2.853390000000000000e+05
2.857250000000000000e+05
2.857760000000000000e+05
2.874460000000000000e+05
2.875290000000000000e+05
2.915060000000000000e+05
2.920000000000000000e+05
2.939370000000000000e+05
2.947460000000000000e+05
2.952660000000000000e+05
2.956660000000000000e+05
2.997830000000000000e+05
2.999630000000000000e+05
3.010560000000000000e+05
3.013480000000000000e+05
3.044440000000000000e+05
3.064040000000000000e+05
3.064370000000000000e+05
3.082070000000000000e+05
3.089780000000000000e+05
3.177120000000000000e+05
3.184550000000000000e+05
3.191760000000000000e+05
3.209900000000000000e+05
3.229620000000000000e+05
3.258870000000000000e+05
3.265960000000000000e+05
3.269570000000000000e+05
3.288050000000000000e+05
3.293260000000000000e+05
3.367610000000000000e+05
3.373490000000000000e+05
3.403330000000000000e+05
3.420470000000000000e+05
3.426810000000000000e+05
3.454720000000000000e+05
3.461840000000000000e+05
3.463010000000000000e+05
3.464270000000000000e+05
3.464520000000000000e+05
3.472230000000000000e+05
3.479870000000000000e+05
3.523290000000000000e+05
3.533270000000000000e+05
3.577490000000000000e+05
3.588330000000000000e+05
3.603910000000000000e+05
3.605180000000000000e+05
3.657820000000000000e+05
3.691870000000000000e+05
3.715030000000000000e+05
3.717410000000000000e+05
3.720150000000000000e+05
3.758210000000000000e+05
3.759850000000000000e+05
3.794830000000000000e+05
3.819170000000000000e+05
3.834930000000000000e+05
3.868040000000000000e+05
3.883940000000000000e+05
3.903110000000000000e+05
3.922990000000000000e+05
3.928140000000000000e+05
4.014650000000000000e+05
4.017800000000000000e+05
4.027820000000000000e+05
4.054690000000000000e+05
4.099580000000000000e+05
4.148370000000000000e+05
4.217600000000000000e+05
4.225850000000000000e+05
4.226790000000000000e+05
4.230330000000000000e+05
4.287080000000000000e+05
4.289460000000000000e+05
4.341510000000000000e+05
4.374230000000000000e+05
4.382750000000000000e+05
4.383580000000000000e+05
4.389430000000000000e+05
4.403940000000000000e+05
4.432920000000000000e+05
4.459410000000000000e+05
4.463170000000000000e+05
4.490480000000000000e+05
4.504460000000000000e+05
4.507060000000000000e+05
4.682800000000000000e+05
4.692930000000000000e+05
4.705580000000000000e+05
4.715980000000000000e+05
4.734400000000000000e+05
4.740830000000000000e+05
4.749070000000000000e+05
4.753960000000000000e+05
4.764330000000000000e+05
4.768560000000000000e+05
4.792010000000000000e+05
4.806750000000000000e+05
4.810630000000000000e+05
4.811510000000000000e+05
4.828470000000000000e+05
4.828630000000000000e+05
4.830080000000000000e+05
4.831890000000000000e+05
4.843200000000000000e+05
4.870950000000000000e+05
4.904660000000000000e+05
4.920280000000000000e+05
4.925830000000000000e+05
4.935010000000000000e+05
4.940130000000000000e+05
4.962690000000000000e+05
5.003200000000000000e+05
5.006820000000000000e+05
5.019790000000000000e+05
5.041490000000000000e+05
5.061480000000000000e+05
5.064490000000000000e+05
5.071560000000000000e+05
5.182070000000000000e+05
5.201220000000000000e+05
5.204810000000000000e+05
5.211110000000000000e+05
5.223750000000000000e+05
5.233850000000000000e+05
5.260500000000000000e+05
5.264520000000000000e+05
5.281880000000000000e+05
5.327750000000000000e+05
5.337620000000000000e+05
5.342490000000000000e+05
5.366460000000000000e+05
5.377600000000000000e+05
5.388360000000000000e+05
5.435080000000000000e+05
5.437350000000000000e+05
5.447730000000000000e+05
5.492670000000000000e+05
5.494550000000000000e+05
5.502350000000000000e+05
5.543340000000000000e+05
5.562620000000000000e+05
5.604930000000000000e+05
5.653880000000000000e+05
5.670730000000000000e+05
5.680310000000000000e+05
5.703620000000000000e+05
5.732090000000000000e+05
5.734110000000000000e+05
5.740770000000000000e+05
5.783150000000000000e+05
5.797070000000000000e+05
5.809090000000000000e+05
5.839400000000000000e+05
5.875980000000000000e+05
5.879420000000000000e+05
5.887660000000000000e+05
5.903790000000000000e+05
5.932980000000000000e+05
5.934050000000000000e+05
5.941110000000000000e+05
5.961810000000000000e+05
6.015040000000000000e+05
6.022960000000000000e+05
6.053960000000000000e+05
6.058170000000000000e+05
6.063470000000000000e+05
6.098530000000000000e+05
6.098640000000000000e+05
6.100520000000000000e+05
6.101080000000000000e+05
6.106690000000000000e+05
6.114530000000000000e+05
6.118160000000000000e+05
6.136740000000000000e+05
6.149910000000000000e+05
6.156120000000000000e+05
6.156650000000000000e+05
6.165060000000000000e+05
6.214210000000000000e+05
6.262270000000000000e+05
6.277720000000000000e+05
6.278530000000000000e+05
6.311240000000000000e+05
6.315040000000000000e+05
6.336620000000000000e+05
6.375750000000000000e+05
6.426090000000000000e+05
6.438090000000000000e+05
6.535060000000000000e+05
6.541040000000000000e+05
6.560310000000000000e+05
6.577250000000000000e+05
6.594280000000000000e+05
6.617260000000000000e+05
6.666040000000000000e+05
6.711470000000000000e+05
6.737450000000000000e+05
6.741190000000000000e+05
6.768260000000000000e+05
6.811780000000000000e+05
6.849690000000000000e+05
6.858510000000000000e+05
6.865780000000000000e+05
6.895250000000000000e+05
6.900100000000000000e+05
6.933820000000000000e+05
6.951810000000000000e+05
6.963720000000000000e+05
6.981700000000000000e+05
7.000570000000000000e+05
7.060850000000000000e+05
7.083820000000000000e+05
7.098070000000000000e+05
7.133550000000000000e+05
7.154460000000000000e+05
7.169810000000000000e+05
7.201770000000000000e+05
7.224080000000000000e+05
7.247290000000000000e+05
7.283750000000000000e+05
7.299890000000000000e+05
7.311760000000000000e+05
7.362310000000000000e+05
7.365840000000000000e+05
7.387750000000000000e+05
7.404770000000000000e+05
7.419260000000000000e+05
7.477870000000000000e+05
7.503040000000000000e+05
7.513340000000000000e+05
7.553090000000000000e+05
7.556910000000000000e+05
7.575460000000000000e+05
7.583530000000000000e+05
7.596490000000000000e+05
7.603950000000000000e+05
7.612790000000000000e+05
7.632020000000000000e+05
7.634040000000000000e+05
7.651240000000000000e+05
7.660840000000000000e+05
7.710440000000000000e+05
7.719760000000000000e+05
7.738920000000000000e+05
7.757290000000000000e+05
7.770470000000000000e+05
7.771430000000000000e+05
7.830100000000000000e+05
7.848580000000000000e+05
7.869390000000000000e+05
7.871910000000000000e+05
7.897780000000000000e+05
7.927480000000000000e+05
7.933300000000000000e+05
7.941130000000000000e+05
7.962120000000000000e+05
7.971580000000000000e+05
8.011310000000000000e+05
8.016680000000000000e+05
8.037860000000000000e+05
8.077680000000000000e+05
8.108000000000000000e+05
8.121350000000000000e+05
8.125970000000000000e+05
8.205590000000000000e+05
8.216090000000000000e+05
8.229260000000000000e+05
8.237830000000000000e+05
8.282510000000000000e+05
8.328830000000000000e+05
8.346250000000000000e+05
8.354740000000000000e+05
8.373540000000000000e+05
8.373640000000000000e+05
8.396910000000000000e+05
8.397940000000000000e+05
8.398420000000000000e+05
8.446960000000000000e+05
8.473210000000000000e+05
8.474520000000000000e+05
8.477910000000000000e+05
8.504890000000000000e+05
8.544270000000000000e+05
8.555110000000000000e+05
8.581420000000000000e+05
8.598180000000000000e+05
8.603450000000000000e+05
8.619080000000000000e+05
8.626790000000000000e+05
8.660310000000000000e+05
8.672240000000000000e+05
8.709040000000000000e+05
8.717570000000000000e+05
8.730560000000000000e+05
8.779550000000000000e+05
8.795010000000000000e+05
8.810860000000000000e+05
8.854080000000000000e+05
8.876100000000000000e+05
8.898280000000000000e+05
8.914500000000000000e+05
8.919550000000000000e+05
8.924140000000000000e+05
8.949390000000000000e+05
8.968890000000000000e+05
8.997940000000000000e+05
9.017260000000000000e+05
9.028970000000000000e+05
9.029780000000000000e+05
9.043990000000000000e+05
9.081660000000000000e+05
9.082640000000000000e+05
9.087190000000000000e+05
9.089830000000000000e+05
9.101770000000000000e+05
9.125080000000000000e+05
9.151360000000000000e+05
9.182620000000000000e+05
9.198820000000000000e+05
9.202140000000000000e+05
9.208290000000000000e+05
9.236810000000000000e+05
9.250710000000000000e+05
9.272850000000000000e+05
9.286330000000000000e+05
9.291040000000000000e+05
9.401840000000000000e+05
9.417310000000000000e+05
9.469930000000000000e+05
9.482460000000000000e+05
9.489180000000000000e+05
9.532540000000000000e+05
9.544400000000000000e+05
9.566280000000000000e+05
9.566980000000000000e+05
9.580120000000000000e+05
9.581830000000000000e+05
9.589380000000000000e+05
9.619710000000000000e+05
9.634900000000000000e+05
9.635750000000000000e+05
9.667720000000000000e+05
9.699930000000000000e+05
9.716750000000000000e+05
9.719700000000000000e+05
9.720480000000000000e+05
9.737230000000000000e+05
9.763900000000000000e+05
9.781220000000000000e+05
9.789830000000000000e+05
9.809730000000000000e+05
9.812670000000000000e+05
9.827990000000000000e+05
9.845890000000000000e+05
9.852910000000000000e+05
9.865540000000000000e+05
9.872540000000000000e+05
9.895240000000000000e+05
9.895360000000000000e+05
9.945630000000000000e+05
9.987060000000000000e+05
1.002070000000000000e+06
1.002554000000000000e+06
1.005697000000000000e+06
1.012098000000000000e+06
1.016621000000000000e+06
1.016787000000000000e+06
1.016931000000000000e+06
1.021333000000000000e+06
1.021823000000000000e+06
1.024366000000000000e+06
1.024648000000000000e+06
1.024913000000000000e+06
1.029311000000000000e+06
1.035650000000000000e+06
1.041279000000000000e+06
1.041660000000000000e+06
1.043049000000000000e+06
1.044990000000000000e+06
1.045313000000000000e+06
1.046456000000000000e+06
1.047084000000000000e+06
1.049227000000000000e+06
1.050009000000000000e+06
1.051015000000000000e+06
1.051642000000000000e+06
1.053048000000000000e+06
1.056482000000000000e+06
1.058816000000000000e+06
1.061955000000000000e+06
1.064742000000000000e+06
1.065589000000000000e+06
1.067320000000000000e+06
1.069409000000000000e+06
1.069662000000000000e+06
1.072609000000000000e+06
1.073077000000000000e+06
1.074801000000000000e+06
1.079514000000000000e+06
1.079995000000000000e+06
1.083162000000000000e+06
1.084790000000000000e+06
1.084796000000000000e+06
1.087262000000000000e+06
1.090068000000000000e+06
1.091804000000000000e+06
1.093194000000000000e+06
1.094244000000000000e+06
1.094361000000000000e+06
1.095882000000000000e+06
1.098588000000000000e+06
1.101095000000000000e+06
1.102955000000000000e+06
1.104244000000000000e+06
1.104714000000000000e+06
1.108899000000000000e+06
1.110373000000000000e+06
1.113387000000000000e+06
1.117733000000000000e+06
1.117958000000000000e+06
1.119505000000000000e+06
1.119523000000000000e+06
1.119965000000000000e+06
1.120250000000000000e+06
1.120617000000000000e+06
1.121622000000000000e+06
1.122765000000000000e+06
1.124621000000000000e+06
1.125043000000000000e+06
1.125089000000000000e+06
1.129536000000000000e+06
1.134525000000000000e+06
1.134604000000000000e+06
1.135973000000000000e+06
1.136546000000000000e+06
1.137924000000000000e+06
1.140359000000000000e+06
1.142900000000000000e+06
1.144328000000000000e+06
1.145200000000000000e+06
1.146503000000000000e+06
1.147968000000000000e+06
1.151063000000000000e+06
1.152289000000000000e+06
1.154867000000000000e+06
1.155821000000000000e+06
1.156887000000000000e+06
1.157838000000000000e+06
1.158945000000000000e+06
1.160579000000000000e+06
1.162784000000000000e+06
1.163475000000000000e+06
1.167499000000000000e+06
1.169037000000000000e+06
1.170312000000000000e+06
1.170620000000000000e+06
1.171147000000000000e+06
1.173117000000000000e+06
1.175254000000000000e+06
1.175752000000000000e+06
1.179191000000000000e+06
1.184689000000000000e+06
1.184785000000000000e+06
1.186895000000000000e+06
1.187964000000000000e+06
1.188388000000000000e+06
1.188770000000000000e+06
1.190079000000000000e+06
1.191310000000000000e+06
1.192711000000000000e+06
1.193138000000000000e+06
1.195532000000000000e+06
1.195958000000000000e+06
1.204264000000000000e+06
1.205244000000000000e+06
1.208029000000000000e+06
1.209261000000000000e+06
1.211957000000000000e+06
1.212317000000000000e+06
1.215029000000000000e+06
1.218495000000000000e+06
1.221353000000000000e+06
1.221389000000000000e+06
1.221803000000000000e+06
1.222264000000000000e+06
1.224416000000000000e+06
1.227594000000000000e+06
1.231578000000000000e+06
1.231579000000000000e+06
1.231823000000000000e+06
1.236739000000000000e+06
1.237458000000000000e+06
1.238209000000000000e+06
1.242162000000000000e+06
1.244816000000000000e+06
1.246483000000000000e+06
1.246646000000000000e+06
1.247886000000000000e+06
1.249881000000000000e+06
1.251322000000000000e+06
1.253050000000000000e+06
1.253165000000000000e+06
1.253714000000000000e+06
1.256650000000000000e+06
1.256922000000000000e+06
1.257534000000000000e+06
1.257565000000000000e+06
1.257854000000000000e+06
1.260986000000000000e+06
1.270637000000000000e+06
1.277380000000000000e+06
1.277435000000000000e+06
1.280428000000000000e+06
1.280539000000000000e+06
1.280633000000000000e+06
1.282567000000000000e+06
1.285687000000000000e+06
1.288343000000000000e+06
1.291942000000000000e+06
1.292932000000000000e+06
1.293221000000000000e+06
1.299994000000000000e+06
1.305175000000000000e+06
1.307426000000000000e+06
1.310388000000000000e+06
1.310424000000000000e+06
1.310572000000000000e+06
1.312701000000000000e+06
1.313219000000000000e+06
1.315108000000000000e+06
1.316861000000000000e+06
1.316911000000000000e+06
1.318040000000000000e+06
1.319220000000000000e+06
1.319911000000000000e+06
1.321107000000000000e+06
1.322679000000000000e+06
1.322878000000000000e+06
1.325489000000000000e+06
1.326107000000000000e+06
1.326784000000000000e+06
1.328059000000000000e+06
1.328863000000000000e+06
1.329259000000000000e+06
1.330762000000000000e+06
1.335028000000000000e+06
1.338306000000000000e+06
1.340059000000000000e+06
1.341657000000000000e+06
1.344968000000000000e+06
1.345097000000000000e+06
1.345616000000000000e+06
1.346213000000000000e+06
1.350797000000000000e+06
1.355259000000000000e+06
1.355615000000000000e+06
1.356033000000000000e+06
1.356266000000000000e+06
1.356270000000000000e+06
1.360266000000000000e+06
1.362653000000000000e+06
1.364508000000000000e+06
1.365705000000000000e+06
1.368331000000000000e+06
1.369857000000000000e+06
1.373021000000000000e+06
1.373646000000000000e+06
1.374763000000000000e+06
1.376383000000000000e+06
1.379903000000000000e+06
1.382058000000000000e+06
1.383524000000000000e+06
1.384439000000000000e+06
1.384550000000000000e+06
1.384716000000000000e+06
1.386500000000000000e+06
1.388088000000000000e+06
1.389270000000000000e+06
1.389744000000000000e+06
1.390146000000000000e+06
1.393811000000000000e+06
1.395714000000000000e+06
1.398613000000000000e+06
1.398709000000000000e+06
1.398947000000000000e+06
1.402338000000000000e+06
1.403272000000000000e+06
1.405038000000000000e+06
1.407376000000000000e+06
1.407963000000000000e+06
1.409005000000000000e+06
1.409157000000000000e+06
1.410129000000000000e+06
1.410252000000000000e+06
1.411080000000000000e+06
1.415224000000000000e+06
1.417142000000000000e+06
1.420890000000000000e+06
1.423776000000000000e+06
1.426817000000000000e+06
1.427206000000000000e+06
1.428133000000000000e+06
1.429862000000000000e+06
1.430182000000000000e+06
1.434415000000000000e+06
1.437396000000000000e+06
1.438762000000000000e+06
1.439359000000000000e+06
1.442019000000000000e+06
1.442412000000000000e+06
1.442536000000000000e+06
1.443403000000000000e+06
1.444212000000000000e+06
1.445206000000000000e+06
1.454108000000000000e+06
1.455957000000000000e+06
1.456563000000000000e+06
1.456703000000000000e+06
1.456804000000000000e+06
1.459803000000000000e+06
1.462172000000000000e+06
1.463031000000000000e+06
1.464079000000000000e+06
1.464254000000000000e+06
1.466669000000000000e+06
1.467396000000000000e+06
1.468317000000000000e+06
1.468353000000000000e+06
1.468784000000000000e+06
1.469526000000000000e+06
1.471064000000000000e+06
1.471924000000000000e+06
1.473784000000000000e+06
1.476326000000000000e+06
1.477051000000000000e+06
1.477271000000000000e+06
1.478645000000000000e+06
1.479277000000000000e+06
1.487902000000000000e+06
1.489459000000000000e+06
1.496038000000000000e+06
1.496143000000000000e+06
1.496234000000000000e+06
1.498427000000000000e+06
1.499187000000000000e+06
1.500798000000000000e+06
1.501083000000000000e+06
1.501863000000000000e+06
1.503656000000000000e+06
1.511168000000000000e+06
1.515226000000000000e+06
1.518830000000000000e+06
1.519744000000000000e+06
1.519770000000000000e+06
1.520172000000000000e+06
1.520853000000000000e+06
1.521803000000000000e+06
1.522406000000000000e+06
1.524107000000000000e+06
1.525673000000000000e+06
1.526144000000000000e+06
1.527628000000000000e+06
1.529010000000000000e+06
1.538283000000000000e+06
1.544547000000000000e+06
1.552255000000000000e+06
1.557366000000000000e+06
1.558579000000000000e+06
1.561236000000000000e+06
1.563859000000000000e+06
1.566039000000000000e+06
1.567758000000000000e+06
1.570264000000000000e+06
1.576557000000000000e+06
1.576825000000000000e+06
1.580663000000000000e+06
1.581021000000000000e+06
1.584336000000000000e+06
1.584446000000000000e+06
1.586239000000000000e+06
1.587061000000000000e+06
1.588107000000000000e+06
1.588136000000000000e+06
1.590350000000000000e+06
1.591630000000000000e+06
1.598432000000000000e+06
1.604236000000000000e+06
1.604442000000000000e+06
1.604904000000000000e+06
1.605639000000000000e+06
1.607361000000000000e+06
1.612539000000000000e+06
1.614733000000000000e+06
1.614915000000000000e+06
1.615605000000000000e+06
1.616436000000000000e+06
1.616975000000000000e+06
1.622450000000000000e+06
1.623158000000000000e+06
1.624329000000000000e+06
1.626474000000000000e+06
1.627063000000000000e+06
1.628121000000000000e+06
1.628610000000000000e+06
1.628955000000000000e+06
1.633622000000000000e+06
1.634733000000000000e+06
1.637646000000000000e+06
1.639080000000000000e+06
1.643234000000000000e+06
1.645184000000000000e+06
1.646797000000000000e+06
1.646894000000000000e+06
1.648646000000000000e+06
1.650013000000000000e+06
1.650468000000000000e+06
1.651658000000000000e+06
1.654484000000000000e+06
1.656597000000000000e+06
1.657336000000000000e+06
1.658606000000000000e+06
1.661702000000000000e+06
1.662822000000000000e+06
1.664700000000000000e+06
1.667483000000000000e+06
1.668899000000000000e+06
1.669930000000000000e+06
1.673511000000000000e+06
1.675355000000000000e+06
1.675794000000000000e+06
1.679414000000000000e+06
1.680637000000000000e+06
1.681140000000000000e+06
1.686678000000000000e+06
1.690103000000000000e+06
1.693056000000000000e+06
1.693311000000000000e+06
1.694723000000000000e+06
1.696445000000000000e+06
1.696613000000000000e+06
1.697970000000000000e+06
1.700869000000000000e+06
1.707358000000000000e+06
1.708917000000000000e+06
1.715224000000000000e+06
1.717628000000000000e+06
1.719073000000000000e+06
1.720334000000000000e+06
1.723399000000000000e+06
1.723789000000000000e+06
1.725445000000000000e+06
1.726386000000000000e+06
1.730833000000000000e+06
1.731278000000000000e+06
1.733592000000000000e+06
1.735171000000000000e+06
1.737045000000000000e+06
1.737643000000000000e+06
1.737929000000000000e+06
1.738358000000000000e+06
1.739453000000000000e+06
1.741326000000000000e+06
1.741980000000000000e+06
1.746222000000000000e+06
1.749231000000000000e+06
1.749845000000000000e+06
1.753592000000000000e+06
1.753968000000000000e+06
1.754102000000000000e+06
1.754752000000000000e+06
1.756536000000000000e+06
1.756733000000000000e+06
1.757400000000000000e+06
1.761727000000000000e+06
1.763399000000000000e+06
1.764783000000000000e+06
1.768033000000000000e+06
1.769351000000000000e+06
1.769411000000000000e+06
1.770326000000000000e+06
1.772111000000000000e+06
1.776225000000000000e+06
1.776709000000000000e+06
1.777582000000000000e+06
1.783750000000000000e+06
1.790072000000000000e+06
1.790764000000000000e+06
1.790836000000000000e+06
1.792548000000000000e+06
1.796154000000000000e+06
1.797842000000000000e+06
1.798335000000000000e+06
1.798760000000000000e+06
1.800957000000000000e+06
1.804095000000000000e+06
1.804373000000000000e+06
1.807312000000000000e+06
1.808087000000000000e+06
1.810925000000000000e+06
1.811849000000000000e+06
1.814431000000000000e+06
1.815986000000000000e+06
1.816433000000000000e+06
1.817886000000000000e+06
1.818159000000000000e+06
1.823525000000000000e+06
1.825139000000000000e+06
1.829095000000000000e+06
1.835177000000000000e+06
1.836889000000000000e+06
1.837894000000000000e+06
1.838212000000000000e+06
1.839075000000000000e+06
1.839281000000000000e+06
1.843480000000000000e+06
1.846597000000000000e+06
1.848379000000000000e+06
1.850173000000000000e+06
1.852968000000000000e+06
1.853130000000000000e+06
1.855717000000000000e+06
1.857137000000000000e+06
1.858562000000000000e+06
1.861408000000000000e+06
1.862643000000000000e+06
1.862824000000000000e+06
1.866693000000000000e+06
1.866880000000000000e+06
1.868408000000000000e+06
1.870201000000000000e+06
1.871918000000000000e+06
1.875285000000000000e+06
1.877885000000000000e+06
1.880521000000000000e+06
1.882652000000000000e+06
1.884145000000000000e+06
1.892061000000000000e+06
1.894379000000000000e+06
1.896573000000000000e+06
1.897234000000000000e+06
1.897414000000000000e+06
1.897982000000000000e+06
1.900000000000000000e+06
1.903631000000000000e+06
1.912230000000000000e+06
1.914705000000000000e+06
1.914960000000000000e+06
1.916545000000000000e+06
1.916715000000000000e+06
1.918192000000000000e+06
1.918864000000000000e+06
1.919164000000000000e+06
1.921149000000000000e+06
1.922126000000000000e+06
1.922746000000000000e+06
1.923050000000000000e+06
1.924180000000000000e+06
1.926403000000000000e+06
1.926794000000000000e+06
1.931516000000000000e+06
1.936632000000000000e+06
1.937189000000000000e+06
1.937822000000000000e+06
1.937977000000000000e+06
1.942639000000000000e+06
1.943884000000000000e+06
1.947508000000000000e+06
1.949358000000000000e+06
