8.042000000000000000e+03
9.895000000000000000e+03
1.199900000000000000e+04
1.238600000000000000e+04
1.280500000000000000e+04
1.434000000000000000e+04
1.460100000000000000e+04
1.708000000000000000e+04
2.236600000000000000e+04
2.322800000000000000e+04
2.648000000000000000e+04
2.688400000000000000e+04
2.920800000000000000e+04
3.005300000000000000e+04
3.134400000000000000e+04
3.605400000000000000e+04
3.699300000000000000e+04
4.221800000000000000e+04
4.392900000000000000e+04
4.401900000000000000e+04
4.500900000000000000e+04
4.601400000000000000e+04
4.683200000000000000e+04
4.750800000000000000e+04
4.777600000000000000e+04
5.079400000000000000e+04
5.155600000000000000e+04
5.306900000000000000e+04
5.338100000000000000e+04
5.737200000000000000e+04
5.993900000000000000e+04
7.181200000000000000e+04
7.556100000000000000e+04
7.834600000000000000e+04
7.973800000000000000e+04
7.986800000000000000e+04
8.227600000000000000e+04
8.382000000000000000e+04
8.469000000000000000e+04
8.636300000000000000e+04
9.084200000000000000e+04
9.250500000000000000e+04
9.481100000000000000e+04
9.956100000000000000e+04
1.001760000000000000e+05
1.021120000000000000e+05
1.064510000000000000e+05
1.074770000000000000e+05
1.095680000000000000e+05
1.096820000000000000e+05
1.104650000000000000e+05
1.113290000000000000e+05
1.122780000000000000e+05
1.125180000000000000e+05
1.160350000000000000e+05
1.161590000000000000e+05
1.185920000000000000e+05
1.186800000000000000e+05
1.199960000000000000e+05
1.231010000000000000e+05
1.283580000000000000e+05
1.288960000000000000e+05
1.318460000000000000e+05
1.356760000000000000e+05
1.358570000000000000e+05
1.390950000000000000e+05
1.396670000000000000e+05
1.400470000000000000e+05
1.432050000000000000e+05
1.434330000000000000e+05
1.516810000000000000e+05
1.527100000000000000e+05
1.527840000000000000e+05
1.545910000000000000e+05
1.559470000000000000e+05
1.577260000000000000e+05
1.593660000000000000e+05
1.607660000000000000e+05
1.627770000000000000e+05
1.643750000000000000e+05
1.651850000000000000e+05
1.660880000000000000e+05
1.678650000000000000e+05
1.824560000000000000e+05
1.855180000000000000e+05
1.858020000000000000e+05
1.865600000000000000e+05
1.876330000000000000e+05
1.927760000000000000e+05
1.937790000000000000e+05
1.943760000000000000e+05
1.954930000000000000e+05
1.989830000000000000e+05
2.000610000000000000e+05
2.030170000000000000e+05
2.033850000000000000e+05
2.068220000000000000e+05
2.078580000000000000e+05
2.133650000000000000e+05
2.145800000000000000e+05
2.171450000000000000e+05
2.187830000000000000e+05
2.200870000000000000e+05
2.216820000000000000e+05
2.224320000000000000e+05
2.267330000000000000e+05
2.291930000000000000e+05
2.318010000000000000e+05
2.323400000000000000e+05
2.369330000000000000e+05
2.380550000000000000e+05
2.383750000000000000e+05
2.405810000000000000e+05
2.415150000000000000e+05
2.423940000000000000e+05
2.432430000000000000e+05
2.434420000000000000e+05
2.492090000000000000e+05
2.512750000000000000e+05
2.527720000000000000e+05
2.539250000000000000e+05
2.550590000000000000e+05
2.555050000000000000e+05
2.621200000000000000e+05
2.633860000000000000e+05
2.647950000000000000e+05
2.665090000000000000e+05
2.677950000000000000e+05
2.680310000000000000e+05
2.712980000000000000e+05
2.741430000000000000e+05
2.746740000000000000e+05
2.815190000000000000e+05
2.837530000000000000e+05
2.841270000000000000e+05
2.842660000000000000e+05
2.867070000000000000e+05
2.876340000000000000e+05
2.894200000000000000e+05
2.929650000000000000e+05
2.952360000000000000e+05
2.958780000000000000e+05
2.984950000000000000e+05
2.996130000000000000e+05
3.003440000000000000e+05
3.009540000000000000e+05
3.013850000000000000e+05
3.030550000000000000e+05
3.075300000000000000e+05
3.088010000000000000e+05
3.093280000000000000e+05
3.098160000000000000e+05
3.151290000000000000e+05
3.160100000000000000e+05
3.169580000000000000e+05
3.178190000000000000e+05
3.229530000000000000e+05
3.242030000000000000e+05
3.309370000000000000e+05
3.320060000000000000e+05
3.330470000000000000e+05
3.350700000000000000e+05
3.374230000000000000e+05
3.376840000000000000e+05
3.393840000000000000e+05
3.403750000000000000e+05
3.409730000000000000e+05
3.446650000000000000e+05
3.475490000000000000e+05
3.486150000000000000e+05
3.495980000000000000e+05
3.505550000000000000e+05
3.506780000000000000e+05
3.512890000000000000e+05
3.540210000000000000e+05
3.592800000000000000e+05
3.603850000000000000e+05
3.614380000000000000e+05
3.648570000000000000e+05
3.699630000000000000e+05
3.734870000000000000e+05
3.759920000000000000e+05
3.775520000000000000e+05
3.825820000000000000e+05
3.840400000000000000e+05
3.867810000000000000e+05
3.876860000000000000e+05
3.901460000000000000e+05
3.915250000000000000e+05
3.941740000000000000e+05
3.953000000000000000e+05
3.966170000000000000e+05
4.077890000000000000e+05
4.108720000000000000e+05
4.128650000000000000e+05
4.181590000000000000e+05
4.228770000000000000e+05
4.273060000000000000e+05
4.280630000000000000e+05
4.293590000000000000e+05
4.296780000000000000e+05
4.300530000000000000e+05
4.324670000000000000e+05
4.344680000000000000e+05
4.366190000000000000e+05
4.371670000000000000e+05
4.398540000000000000e+05
4.426210000000000000e+05
4.436700000000000000e+05
4.454870000000000000e+05
4.466460000000000000e+05
4.471190000000000000e+05
4.481060000000000000e+05
4.489800000000000000e+05
4.491640000000000000e+05
4.522680000000000000e+05
4.533500000000000000e+05
4.548320000000000000e+05
4.552520000000000000e+05
4.604150000000000000e+05
4.604510000000000000e+05
4.616050000000000000e+05
4.626640000000000000e+05
4.645940000000000000e+05
4.655790000000000000e+05
4.662030000000000000e+05
4.664690000000000000e+05
4.674330000000000000e+05
4.684370000000000000e+05
4.716870000000000000e+05
4.735840000000000000e+05
4.745020000000000000e+05
4.768040000000000000e+05
4.782210000000000000e+05
4.920880000000000000e+05
4.945360000000000000e+05
4.968350000000000000e+05
4.989910000000000000e+05
5.003280000000000000e+05
5.010430000000000000e+05
5.011300000000000000e+05
5.038550000000000000e+05
5.100550000000000000e+05
5.135520000000000000e+05
5.154410000000000000e+05
5.225180000000000000e+05
5.248850000000000000e+05
5.269170000000000000e+05
5.275150000000000000e+05
5.349140000000000000e+05
5.356610000000000000e+05
5.381820000000000000e+05
5.436200000000000000e+05
5.446370000000000000e+05
5.447840000000000000e+05
5.461250000000000000e+05
5.529550000000000000e+05
5.554380000000000000e+05
5.556590000000000000e+05
5.605870000000000000e+05
5.612230000000000000e+05
5.635850000000000000e+05
5.642450000000000000e+05
5.662800000000000000e+05
5.662820000000000000e+05
5.696390000000000000e+05
5.728100000000000000e+05
5.740900000000000000e+05
5.783740000000000000e+05
5.807030000000000000e+05
5.855410000000000000e+05
5.871530000000000000e+05
5.882080000000000000e+05
5.893670000000000000e+05
5.932880000000000000e+05
5.961640000000000000e+05
5.978380000000000000e+05
6.073020000000000000e+05
6.091590000000000000e+05
6.103530000000000000e+05
6.107190000000000000e+05
6.134000000000000000e+05
6.241650000000000000e+05
6.255080000000000000e+05
6.286870000000000000e+05
6.287890000000000000e+05
6.293630000000000000e+05
6.348740000000000000e+05
6.376590000000000000e+05
6.378830000000000000e+05
6.389730000000000000e+05
6.397640000000000000e+05
6.422990000000000000e+05
6.460100000000000000e+05
6.476870000000000000e+05
6.491340000000000000e+05
6.532340000000000000e+05
6.567730000000000000e+05
6.569920000000000000e+05
6.588480000000000000e+05
6.588600000000000000e+05
6.592600000000000000e+05
6.646600000000000000e+05
6.662270000000000000e+05
6.664110000000000000e+05
6.706990000000000000e+05
6.711130000000000000e+05
6.717350000000000000e+05
6.752550000000000000e+05
6.792680000000000000e+05
6.802870000000000000e+05
6.806090000000000000e+05
6.836370000000000000e+05
6.846310000000000000e+05
6.856320000000000000e+05
6.870810000000000000e+05
6.875570000000000000e+05
6.881170000000000000e+05
6.893970000000000000e+05
6.902160000000000000e+05
6.903040000000000000e+05
6.985940000000000000e+05
7.012540000000000000e+05
7.019120000000000000e+05
7.024370000000000000e+05
7.027370000000000000e+05
7.029780000000000000e+05
7.054790000000000000e+05
7.096320000000000000e+05
7.103890000000000000e+05
7.125200000000000000e+05
7.126550000000000000e+05
7.220710000000000000e+05
7.248490000000000000e+05
7.254570000000000000e+05
7.260440000000000000e+05
7.263540000000000000e+05
7.279270000000000000e+05
7.289740000000000000e+05
7.299150000000000000e+05
7.321950000000000000e+05
7.329850000000000000e+05
7.365440000000000000e+05
7.373570000000000000e+05
7.403040000000000000e+05
7.408670000000000000e+05
7.428170000000000000e+05
7.445220000000000000e+05
7.455670000000000000e+05
7.468790000000000000e+05
7.471340000000000000e+05
7.476000000000000000e+05
7.476940000000000000e+05
7.505480000000000000e+05
7.520830000000000000e+05
7.537840000000000000e+05
7.540920000000000000e+05
7.542070000000000000e+05
7.543890000000000000e+05
7.562050000000000000e+05
7.568350000000000000e+05
7.578480000000000000e+05
7.606020000000000000e+05
7.606210000000000000e+05
7.647420000000000000e+05
7.652940000000000000e+05
7.695120000000000000e+05
7.727900000000000000e+05
7.791820000000000000e+05
7.800430000000000000e+05
7.809210000000000000e+05
7.821170000000000000e+05
7.860570000000000000e+05
7.862760000000000000e+05
7.946470000000000000e+05
7.947730000000000000e+05
7.953430000000000000e+05
7.969130000000000000e+05
7.997030000000000000e+05
8.002430000000000000e+05
8.003720000000000000e+05
8.004290000000000000e+05
8.036260000000000000e+05
8.055450000000000000e+05
8.078000000000000000e+05
8.080970000000000000e+05
8.083430000000000000e+05
8.084100000000000000e+05
8.135520000000000000e+05
8.161230000000000000e+05
8.179750000000000000e+05
8.187440000000000000e+05
8.214440000000000000e+05
8.233150000000000000e+05
8.236900000000000000e+05
8.291150000000000000e+05
8.315350000000000000e+05
8.319200000000000000e+05
8.349940000000000000e+05
8.360260000000000000e+05
8.378900000000000000e+05
8.383310000000000000e+05
8.417900000000000000e+05
8.433220000000000000e+05
8.439170000000000000e+05
8.474480000000000000e+05
8.477500000000000000e+05
8.493130000000000000e+05
8.553610000000000000e+05
8.558620000000000000e+05
8.607780000000000000e+05
8.609720000000000000e+05
8.612020000000000000e+05
8.620540000000000000e+05
8.623180000000000000e+05
8.643250000000000000e+05
8.663120000000000000e+05
8.682600000000000000e+05
8.695700000000000000e+05
8.703210000000000000e+05
8.749790000000000000e+05
8.761120000000000000e+05
8.788280000000000000e+05
8.843780000000000000e+05
8.872820000000000000e+05
8.875570000000000000e+05
8.876220000000000000e+05
8.882680000000000000e+05
8.911250000000000000e+05
8.931440000000000000e+05
8.936720000000000000e+05
8.994340000000000000e+05
9.010380000000000000e+05
9.012030000000000000e+05
9.016650000000000000e+05
9.023770000000000000e+05
9.034170000000000000e+05
9.047560000000000000e+05
9.051050000000000000e+05
9.054550000000000000e+05
9.080360000000000000e+05
9.090930000000000000e+05
9.110150000000000000e+05
9.122220000000000000e+05
9.124080000000000000e+05
9.146000000000000000e+05
9.164530000000000000e+05
9.166890000000000000e+05
9.179040000000000000e+05
9.194080000000000000e+05
9.204730000000000000e+05
9.206830000000000000e+05
9.229640000000000000e+05
9.280270000000000000e+05
9.301700000000000000e+05
9.321270000000000000e+05
9.326130000000000000e+05
9.339510000000000000e+05
9.357620000000000000e+05
9.372940000000000000e+05
9.381780000000000000e+05
9.395980000000000000e+05
9.420370000000000000e+05
9.440950000000000000e+05
9.460270000000000000e+05
9.467440000000000000e+05
9.472050000000000000e+05
9.473690000000000000e+05
9.477890000000000000e+05
9.490170000000000000e+05
9.517570000000000000e+05
9.542210000000000000e+05
9.584320000000000000e+05
9.586020000000000000e+05
9.590250000000000000e+05
9.619420000000000000e+05
9.638370000000000000e+05
9.674510000000000000e+05
9.676920000000000000e+05
9.683120000000000000e+05
9.734810000000000000e+05
9.736110000000000000e+05
9.746950000000000000e+05
9.758030000000000000e+05
9.762640000000000000e+05
9.766100000000000000e+05
9.770380000000000000e+05
9.774220000000000000e+05
9.779880000000000000e+05
9.788100000000000000e+05
9.798430000000000000e+05
9.809080000000000000e+05
9.816460000000000000e+05
9.819600000000000000e+05
9.862190000000000000e+05
9.872790000000000000e+05
9.889240000000000000e+05
9.922070000000000000e+05
9.925780000000000000e+05
9.959230000000000000e+05
1.000164000000000000e+06
1.002954000000000000e+06
1.005580000000000000e+06
1.008034000000000000e+06
1.008445000000000000e+06
1.010734000000000000e+06
1.013221000000000000e+06
1.016114000000000000e+06
1.017364000000000000e+06
1.019434000000000000e+06
1.019477000000000000e+06
1.020124000000000000e+06
1.020816000000000000e+06
1.023127000000000000e+06
1.023428000000000000e+06
1.023892000000000000e+06
1.024109000000000000e+06
1.026448000000000000e+06
1.027109000000000000e+06
1.027807000000000000e+06
1.031474000000000000e+06
1.032933000000000000e+06
1.037236000000000000e+06
1.039638000000000000e+06
1.043863000000000000e+06
1.044550000000000000e+06
1.045670000000000000e+06
1.047282000000000000e+06
1.051414000000000000e+06
1.052625000000000000e+06
1.055595000000000000e+06
1.057080000000000000e+06
1.057704000000000000e+06
1.057801000000000000e+06
1.059814000000000000e+06
1.060927000000000000e+06
1.061493000000000000e+06
1.067820000000000000e+06
1.071469000000000000e+06
1.071903000000000000e+06
1.073073000000000000e+06
1.077607000000000000e+06
1.080714000000000000e+06
1.080888000000000000e+06
1.081239000000000000e+06
1.081427000000000000e+06
1.082432000000000000e+06
1.087095000000000000e+06
1.087107000000000000e+06
1.088951000000000000e+06
1.091760000000000000e+06
1.092605000000000000e+06
1.093231000000000000e+06
1.093476000000000000e+06
1.093786000000000000e+06
1.095721000000000000e+06
1.096056000000000000e+06
1.098104000000000000e+06
1.098245000000000000e+06
1.099982000000000000e+06
1.102346000000000000e+06
1.103487000000000000e+06
1.105690000000000000e+06
1.107526000000000000e+06
1.109118000000000000e+06
1.110477000000000000e+06
1.120207000000000000e+06
1.121167000000000000e+06
1.123727000000000000e+06
1.126591000000000000e+06
1.126810000000000000e+06
1.127472000000000000e+06
1.127634000000000000e+06
1.128162000000000000e+06
1.128836000000000000e+06
1.130448000000000000e+06
1.130499000000000000e+06
1.133859000000000000e+06
1.139516000000000000e+06
1.140350000000000000e+06
1.141221000000000000e+06
1.143020000000000000e+06
1.144269000000000000e+06
1.145526000000000000e+06
1.145873000000000000e+06
1.146326000000000000e+06
1.146898000000000000e+06
1.148535000000000000e+06
1.148746000000000000e+06
1.151223000000000000e+06
1.153146000000000000e+06
1.160214000000000000e+06
1.162761000000000000e+06
1.164047000000000000e+06
1.164949000000000000e+06
1.174299000000000000e+06
1.175159000000000000e+06
1.176766000000000000e+06
1.178866000000000000e+06
1.180423000000000000e+06
1.181563000000000000e+06
1.183084000000000000e+06
1.184597000000000000e+06
1.188643000000000000e+06
1.191722000000000000e+06
1.194724000000000000e+06
1.196127000000000000e+06
1.196912000000000000e+06
1.198243000000000000e+06
1.200761000000000000e+06
1.203282000000000000e+06
1.205982000000000000e+06
1.206397000000000000e+06
1.207359000000000000e+06
1.209154000000000000e+06
1.212331000000000000e+06
1.213739000000000000e+06
1.216080000000000000e+06
1.218040000000000000e+06
1.218154000000000000e+06
1.220108000000000000e+06
1.221196000000000000e+06
1.222769000000000000e+06
1.225556000000000000e+06
1.226406000000000000e+06
1.227279000000000000e+06
1.228451000000000000e+06
1.231908000000000000e+06
1.232254000000000000e+06
1.232271000000000000e+06
1.232461000000000000e+06
1.234838000000000000e+06
1.235406000000000000e+06
1.237940000000000000e+06
1.238009000000000000e+06
1.239781000000000000e+06
1.242301000000000000e+06
1.244792000000000000e+06
1.248219000000000000e+06
1.249205000000000000e+06
1.252470000000000000e+06
1.252761000000000000e+06
1.256108000000000000e+06
1.258932000000000000e+06
1.260460000000000000e+06
1.269134000000000000e+06
1.269431000000000000e+06
1.269775000000000000e+06
1.271331000000000000e+06
1.276572000000000000e+06
1.277306000000000000e+06
1.283059000000000000e+06
1.286579000000000000e+06
1.286687000000000000e+06
1.288003000000000000e+06
1.288523000000000000e+06
1.290878000000000000e+06
1.291427000000000000e+06
1.291922000000000000e+06
1.293172000000000000e+06
1.295088000000000000e+06
1.296149000000000000e+06
1.296737000000000000e+06
1.299497000000000000e+06
1.302138000000000000e+06
1.302246000000000000e+06
1.302346000000000000e+06
1.302793000000000000e+06
1.304114000000000000e+06
1.304847000000000000e+06
1.306715000000000000e+06
1.307117000000000000e+06
1.309165000000000000e+06
1.309180000000000000e+06
1.311642000000000000e+06
1.312146000000000000e+06
1.315377000000000000e+06
1.317067000000000000e+06
1.317548000000000000e+06
1.317755000000000000e+06
1.318294000000000000e+06
1.319384000000000000e+06
1.320819000000000000e+06
1.321250000000000000e+06
1.324372000000000000e+06
1.326842000000000000e+06
1.330326000000000000e+06
1.332577000000000000e+06
1.336973000000000000e+06
1.339483000000000000e+06
1.339825000000000000e+06
1.340052000000000000e+06
1.342779000000000000e+06
1.348391000000000000e+06
1.348396000000000000e+06
1.350606000000000000e+06
1.351132000000000000e+06
1.353583000000000000e+06
1.353808000000000000e+06
1.355892000000000000e+06
1.357020000000000000e+06
1.360083000000000000e+06
1.368883000000000000e+06
1.370184000000000000e+06
1.375635000000000000e+06
1.376326000000000000e+06
1.378359000000000000e+06
1.379855000000000000e+06
1.382244000000000000e+06
1.382727000000000000e+06
1.384771000000000000e+06
1.390072000000000000e+06
1.393543000000000000e+06
1.393629000000000000e+06
1.397844000000000000e+06
1.398219000000000000e+06
1.398845000000000000e+06
1.406791000000000000e+06
1.408047000000000000e+06
1.409130000000000000e+06
1.414422000000000000e+06
1.415323000000000000e+06
1.419613000000000000e+06
1.422608000000000000e+06
1.423485000000000000e+06
1.424463000000000000e+06
1.426408000000000000e+06
1.431546000000000000e+06
1.432349000000000000e+06
1.432799000000000000e+06
1.433845000000000000e+06
1.435021000000000000e+06
1.438268000000000000e+06
1.439359000000000000e+06
1.440693000000000000e+06
1.441293000000000000e+06
1.443079000000000000e+06
1.443309000000000000e+06
1.443751000000000000e+06
1.444333000000000000e+06
1.445257000000000000e+06
1.445308000000000000e+06
1.445775000000000000e+06
1.447045000000000000e+06
1.449086000000000000e+06
1.450575000000000000e+06
1.451301000000000000e+06
1.453767000000000000e+06
1.454061000000000000e+06
1.455463000000000000e+06
1.456308000000000000e+06
1.456365000000000000e+06
1.457146000000000000e+06
1.458714000000000000e+06
1.459997000000000000e+06
1.465771000000000000e+06
1.468154000000000000e+06
1.469278000000000000e+06
1.470664000000000000e+06
1.473076000000000000e+06
1.476309000000000000e+06
1.478319000000000000e+06
1.481308000000000000e+06
1.484365000000000000e+06
1.484455000000000000e+06
1.487070000000000000e+06
1.488487000000000000e+06
1.489647000000000000e+06
1.490096000000000000e+06
1.492351000000000000e+06
1.493591000000000000e+06
1.494018000000000000e+06
1.498913000000000000e+06
1.499146000000000000e+06
1.501344000000000000e+06
1.502945000000000000e+06
1.503200000000000000e+06
1.506715000000000000e+06
1.507981000000000000e+06
1.510363000000000000e+06
1.513028000000000000e+06
1.514461000000000000e+06
1.515058000000000000e+06
1.515533000000000000e+06
1.516020000000000000e+06
1.516116000000000000e+06
1.516345000000000000e+06
1.525227000000000000e+06
1.530174000000000000e+06
1.531123000000000000e+06
1.531460000000000000e+06
1.531514000000000000e+06
1.536147000000000000e+06
1.539412000000000000e+06
1.539720000000000000e+06
1.539855000000000000e+06
1.540506000000000000e+06
1.540664000000000000e+06
1.545682000000000000e+06
1.546070000000000000e+06
1.546800000000000000e+06
1.548461000000000000e+06
1.549990000000000000e+06
1.553243000000000000e+06
1.553434000000000000e+06
1.553487000000000000e+06
1.557358000000000000e+06
1.561314000000000000e+06
1.561799000000000000e+06
1.562331000000000000e+06
1.567247000000000000e+06
1.568000000000000000e+06
1.575115000000000000e+06
1.576579000000000000e+06
1.577856000000000000e+06
1.578121000000000000e+06
1.580986000000000000e+06
1.581015000000000000e+06
1.584745000000000000e+06
1.585744000000000000e+06
1.586519000000000000e+06
1.587951000000000000e+06
1.587972000000000000e+06
1.588658000000000000e+06
1.590845000000000000e+06
1.591368000000000000e+06
1.595311000000000000e+06
1.597997000000000000e+06
1.600083000000000000e+06
1.600807000000000000e+06
1.602000000000000000e+06
1.604975000000000000e+06
1.605190000000000000e+06
1.612225000000000000e+06
1.612661000000000000e+06
1.615353000000000000e+06
1.620586000000000000e+06
1.621459000000000000e+06
1.625152000000000000e+06
1.631673000000000000e+06
1.634728000000000000e+06
1.635657000000000000e+06
1.636153000000000000e+06
1.639568000000000000e+06
1.642284000000000000e+06
1.642623000000000000e+06
1.647220000000000000e+06
1.648251000000000000e+06
1.648436000000000000e+06
1.648535000000000000e+06
1.649640000000000000e+06
1.650398000000000000e+06
1.650923000000000000e+06
1.652727000000000000e+06
1.653094000000000000e+06
1.658088000000000000e+06
1.659420000000000000e+06
1.659952000000000000e+06
1.660993000000000000e+06
1.662775000000000000e+06
1.665660000000000000e+06
1.667573000000000000e+06
1.670212000000000000e+06
1.670838000000000000e+06
1.673267000000000000e+06
1.674207000000000000e+06
1.674552000000000000e+06
1.675278000000000000e+06
1.675282000000000000e+06
1.681248000000000000e+06
1.681667000000000000e+06
1.684031000000000000e+06
1.686313000000000000e+06
1.686419000000000000e+06
1.689051000000000000e+06
1.690689000000000000e+06
1.690762000000000000e+06
1.695798000000000000e+06
1.695811000000000000e+06
1.705308000000000000e+06
1.706049000000000000e+06
1.707909000000000000e+06
1.710727000000000000e+06
1.710832000000000000e+06
1.712847000000000000e+06
1.718734000000000000e+06
1.721227000000000000e+06
1.722090000000000000e+06
1.722986000000000000e+06
1.724183000000000000e+06
1.725384000000000000e+06
1.728257000000000000e+06
1.731631000000000000e+06
1.731793000000000000e+06
1.737621000000000000e+06
1.738394000000000000e+06
1.739220000000000000e+06
1.740340000000000000e+06
1.746302000000000000e+06
1.747701000000000000e+06
1.750327000000000000e+06
1.754038000000000000e+06
1.756301000000000000e+06
1.758459000000000000e+06
1.767269000000000000e+06
1.767862000000000000e+06
1.769992000000000000e+06
1.778062000000000000e+06
1.778129000000000000e+06
1.779184000000000000e+06
1.782237000000000000e+06
1.785101000000000000e+06
1.788126000000000000e+06
1.789143000000000000e+06
1.791642000000000000e+06
1.793171000000000000e+06
1.798238000000000000e+06
1.799253000000000000e+06
1.799824000000000000e+06
1.800896000000000000e+06
1.801230000000000000e+06
1.802856000000000000e+06
1.808955000000000000e+06
1.809040000000000000e+06
1.809091000000000000e+06
1.810725000000000000e+06
1.814409000000000000e+06
1.816715000000000000e+06
1.817780000000000000e+06
1.817869000000000000e+06
1.818901000000000000e+06
1.820979000000000000e+06
1.827538000000000000e+06
1.828469000000000000e+06
1.829133000000000000e+06
1.829257000000000000e+06
1.831084000000000000e+06
1.832936000000000000e+06
1.833923000000000000e+06
1.834329000000000000e+06
1.836574000000000000e+06
1.837986000000000000e+06
1.838019000000000000e+06
1.842159000000000000e+06
1.843497000000000000e+06
1.844647000000000000e+06
1.846528000000000000e+06
1.848095000000000000e+06
1.849358000000000000e+06
1.850605000000000000e+06
1.853595000000000000e+06
1.856352000000000000e+06
1.857388000000000000e+06
1.861878000000000000e+06
1.864277000000000000e+06
1.866143000000000000e+06
1.867457000000000000e+06
1.867509000000000000e+06
1.867629000000000000e+06
1.871069000000000000e+06
1.873257000000000000e+06
1.875038000000000000e+06
1.875158000000000000e+06
1.884271000000000000e+06
1.888711000000000000e+06
1.889231000000000000e+06
1.890125000000000000e+06
1.890797000000000000e+06
1.893926000000000000e+06
1.896915000000000000e+06
1.899419000000000000e+06
1.906320000000000000e+06
1.907978000000000000e+06
1.908210000000000000e+06
1.909009000000000000e+06
1.911018000000000000e+06
1.912789000000000000e+06
1.916179000000000000e+06
1.918085000000000000e+06
1.918302000000000000e+06
1.918349000000000000e+06
1.919050000000000000e+06
1.924075000000000000e+06
1.924708000000000000e+06
1.924937000000000000e+06
1.925703000000000000e+06
1.929305000000000000e+06
1.930186000000000000e+06
1.930341000000000000e+06
1.932257000000000000e+06
1.933952000000000000e+06
1.935952000000000000e+06
1.935978000000000000e+06
1.940754000000000000e+06
1.941544000000000000e+06
1.941703000000000000e+06
1.945631000000000000e+06
1.945631000000000000e+06
1.946061000000000000e+06
1.946562000000000000e+06
1.946664000000000000e+06
1.946804000000000000e+06
1.950163000000000000e+06
