4.633000000000000000e+03
5.231000000000000000e+03
8.779000000000000000e+03
1.104300000000000000e+04
1.196400000000000000e+04
1.199200000000000000e+04
1.468700000000000000e+04
1.755100000000000000e+04
1.778700000000000000e+04
1.782200000000000000e+04
2.289300000000000000e+04
2.396000000000000000e+04
2.416400000000000000e+04
2.873400000000000000e+04
3.032800000000000000e+04
3.042700000000000000e+04
3.196300000000000000e+04
3.432600000000000000e+04
3.446700000000000000e+04
3.793900000000000000e+04
4.184700000000000000e+04
4.280400000000000000e+04
4.866700000000000000e+04
5.184400000000000000e+04
5.368700000000000000e+04
5.481500000000000000e+04
5.568300000000000000e+04
5.732300000000000000e+04
6.119000000000000000e+04
6.203100000000000000e+04
6.269200000000000000e+04
6.282600000000000000e+04
6.290900000000000000e+04
6.312700000000000000e+04
6.383300000000000000e+04
6.637100000000000000e+04
6.670300000000000000e+04
6.813900000000000000e+04
7.289800000000000000e+04
7.515700000000000000e+04
7.678200000000000000e+04
8.141100000000000000e+04
8.517100000000000000e+04
8.807400000000000000e+04
8.932000000000000000e+04
9.053800000000000000e+04
9.264100000000000000e+04
9.280900000000000000e+04
9.368000000000000000e+04
9.717400000000000000e+04
1.025410000000000000e+05
1.056200000000000000e+05
1.079240000000000000e+05
1.099100000000000000e+05
1.168750000000000000e+05
1.170470000000000000e+05
1.179900000000000000e+05
1.218110000000000000e+05
1.227240000000000000e+05
1.258380000000000000e+05
1.278810000000000000e+05
1.294780000000000000e+05
1.299710000000000000e+05
1.345040000000000000e+05
1.352270000000000000e+05
1.385850000000000000e+05
1.424520000000000000e+05
1.428680000000000000e+05
1.437730000000000000e+05
1.448560000000000000e+05
1.454960000000000000e+05
1.457340000000000000e+05
1.464650000000000000e+05
1.472270000000000000e+05
1.477640000000000000e+05
1.481340000000000000e+05
1.497800000000000000e+05
1.522900000000000000e+05
1.545220000000000000e+05
1.583500000000000000e+05
1.590180000000000000e+05
1.592960000000000000e+05
1.597420000000000000e+05
1.598700000000000000e+05
1.603690000000000000e+05
1.614270000000000000e+05
1.624740000000000000e+05
1.653060000000000000e+05
1.660670000000000000e+05
1.684220000000000000e+05
1.696560000000000000e+05
1.700390000000000000e+05
1.708810000000000000e+05
1.709320000000000000e+05
1.724420000000000000e+05
1.774000000000000000e+05
1.795180000000000000e+05
1.802830000000000000e+05
1.819820000000000000e+05
1.849930000000000000e+05
1.855130000000000000e+05
1.908400000000000000e+05
1.932020000000000000e+05
1.939090000000000000e+05
1.985620000000000000e+05
2.007630000000000000e+05
2.009070000000000000e+05
2.009180000000000000e+05
2.036440000000000000e+05
2.042290000000000000e+05
2.048990000000000000e+05
2.061940000000000000e+05
2.099800000000000000e+05
2.112140000000000000e+05
2.135490000000000000e+05
2.143600000000000000e+05
2.149380000000000000e+05
2.226250000000000000e+05
2.233030000000000000e+05
2.245350000000000000e+05
2.270060000000000000e+05
2.300770000000000000e+05
2.303840000000000000e+05
2.324910000000000000e+05
2.325880000000000000e+05
2.358600000000000000e+05
2.371200000000000000e+05
2.412030000000000000e+05
2.426650000000000000e+05
2.430340000000000000e+05
2.493210000000000000e+05
2.520240000000000000e+05
2.565450000000000000e+05
2.603460000000000000e+05
2.610650000000000000e+05
2.629370000000000000e+05
2.666950000000000000e+05
2.687300000000000000e+05
2.703360000000000000e+05
2.732820000000000000e+05
2.736270000000000000e+05
2.740360000000000000e+05
2.762500000000000000e+05
2.776120000000000000e+05
2.842010000000000000e+05
2.877740000000000000e+05
2.894970000000000000e+05
2.910300000000000000e+05
2.920950000000000000e+05
2.930590000000000000e+05
2.954080000000000000e+05
2.954730000000000000e+05
2.954890000000000000e+05
2.974150000000000000e+05
2.975000000000000000e+05
2.983050000000000000e+05
3.035410000000000000e+05
3.049030000000000000e+05
3.052770000000000000e+05
3.069550000000000000e+05
3.076070000000000000e+05
3.089170000000000000e+05
3.113110000000000000e+05
3.127460000000000000e+05
3.140840000000000000e+05
3.144400000000000000e+05
3.148790000000000000e+05
3.187630000000000000e+05
3.193790000000000000e+05
3.225930000000000000e+05
3.240930000000000000e+05
3.272520000000000000e+05
3.281310000000000000e+05
3.289760000000000000e+05
3.312570000000000000e+05
3.316700000000000000e+05
3.334790000000000000e+05
3.375620000000000000e+05
3.397430000000000000e+05
3.404870000000000000e+05
3.408390000000000000e+05
3.433900000000000000e+05
3.438280000000000000e+05
3.439450000000000000e+05
3.451440000000000000e+05
3.461880000000000000e+05
3.481670000000000000e+05
3.626110000000000000e+05
3.635890000000000000e+05
3.712020000000000000e+05
3.727860000000000000e+05
3.772950000000000000e+05
3.857880000000000000e+05
3.945280000000000000e+05
3.954620000000000000e+05
3.978270000000000000e+05
3.996620000000000000e+05
4.030510000000000000e+05
4.047910000000000000e+05
4.051340000000000000e+05
4.054730000000000000e+05
4.085830000000000000e+05
4.117000000000000000e+05
4.156530000000000000e+05
4.158150000000000000e+05
4.159010000000000000e+05
4.167390000000000000e+05
4.183500000000000000e+05
4.184380000000000000e+05
4.184500000000000000e+05
4.200940000000000000e+05
4.210350000000000000e+05
4.211840000000000000e+05
4.229640000000000000e+05
4.254740000000000000e+05
4.296820000000000000e+05
4.324070000000000000e+05
4.329940000000000000e+05
4.368020000000000000e+05
4.411080000000000000e+05
4.445940000000000000e+05
4.461030000000000000e+05
4.479970000000000000e+05
4.491580000000000000e+05
4.544320000000000000e+05
4.547800000000000000e+05
4.586250000000000000e+05
4.589840000000000000e+05
4.597740000000000000e+05
4.624540000000000000e+05
4.641330000000000000e+05
4.647030000000000000e+05
4.653640000000000000e+05
4.668250000000000000e+05
4.689020000000000000e+05
4.719220000000000000e+05
4.734770000000000000e+05
4.746470000000000000e+05
4.781300000000000000e+05
4.796990000000000000e+05
4.805880000000000000e+05
4.812880000000000000e+05
4.817490000000000000e+05
4.866950000000000000e+05
4.902010000000000000e+05
4.909030000000000000e+05
4.940050000000000000e+05
4.961050000000000000e+05
4.969250000000000000e+05
4.996410000000000000e+05
5.016660000000000000e+05
5.020320000000000000e+05
5.056360000000000000e+05
5.090620000000000000e+05
5.098580000000000000e+05
5.114210000000000000e+05
5.117170000000000000e+05
5.123600000000000000e+05
5.133250000000000000e+05
5.145810000000000000e+05
5.156260000000000000e+05
5.172790000000000000e+05
5.188900000000000000e+05
5.201880000000000000e+05
5.221510000000000000e+05
5.221810000000000000e+05
5.234150000000000000e+05
5.236350000000000000e+05
5.237880000000000000e+05
5.259590000000000000e+05
5.262030000000000000e+05
5.286920000000000000e+05
5.381040000000000000e+05
5.391400000000000000e+05
5.404850000000000000e+05
5.404980000000000000e+05
5.410860000000000000e+05
5.439320000000000000e+05
5.464500000000000000e+05
5.510920000000000000e+05
5.517450000000000000e+05
5.530930000000000000e+05
5.537660000000000000e+05
5.593390000000000000e+05
5.633670000000000000e+05
5.669730000000000000e+05
5.682330000000000000e+05
5.692200000000000000e+05
5.695710000000000000e+05
5.698610000000000000e+05
5.765110000000000000e+05
5.810700000000000000e+05
5.851810000000000000e+05
5.916350000000000000e+05
5.925370000000000000e+05
5.944490000000000000e+05
6.038660000000000000e+05
6.049730000000000000e+05
6.054380000000000000e+05
6.091950000000000000e+05
6.116750000000000000e+05
6.121620000000000000e+05
6.138200000000000000e+05
6.145050000000000000e+05
6.163180000000000000e+05
6.252870000000000000e+05
6.301440000000000000e+05
6.322590000000000000e+05
6.326270000000000000e+05
6.335260000000000000e+05
6.356700000000000000e+05
6.363940000000000000e+05
6.395640000000000000e+05
6.407390000000000000e+05
6.458280000000000000e+05
6.468550000000000000e+05
6.478880000000000000e+05
6.483140000000000000e+05
6.485590000000000000e+05
6.485790000000000000e+05
6.518910000000000000e+05
6.570110000000000000e+05
6.585120000000000000e+05
6.586210000000000000e+05
6.599010000000000000e+05
6.614070000000000000e+05
6.639490000000000000e+05
6.717240000000000000e+05
6.768080000000000000e+05
6.773000000000000000e+05
6.774590000000000000e+05
6.785850000000000000e+05
6.818230000000000000e+05
6.830230000000000000e+05
6.836550000000000000e+05
6.858750000000000000e+05
6.866790000000000000e+05
6.868670000000000000e+05
6.882910000000000000e+05
6.895840000000000000e+05
6.929080000000000000e+05
6.953460000000000000e+05
6.961180000000000000e+05
6.964670000000000000e+05
6.986530000000000000e+05
6.991700000000000000e+05
7.067240000000000000e+05
7.089920000000000000e+05
7.099600000000000000e+05
7.106580000000000000e+05
7.123460000000000000e+05
7.126790000000000000e+05
7.155760000000000000e+05
7.158800000000000000e+05
7.167040000000000000e+05
7.268530000000000000e+05
7.334490000000000000e+05
7.336680000000000000e+05
7.340460000000000000e+05
7.347280000000000000e+05
7.361080000000000000e+05
7.384520000000000000e+05
7.395170000000000000e+05
7.403860000000000000e+05
7.442990000000000000e+05
7.474940000000000000e+05
7.521580000000000000e+05
7.558580000000000000e+05
7.615360000000000000e+05
7.623870000000000000e+05
7.642250000000000000e+05
7.644660000000000000e+05
7.646700000000000000e+05
7.654150000000000000e+05
7.683930000000000000e+05
7.701720000000000000e+05
7.708870000000000000e+05
7.711730000000000000e+05
7.727090000000000000e+05
7.759590000000000000e+05
7.792920000000000000e+05
7.845890000000000000e+05
7.898600000000000000e+05
7.904870000000000000e+05
7.926760000000000000e+05
7.946510000000000000e+05
7.956770000000000000e+05
7.967070000000000000e+05
7.983260000000000000e+05
8.001670000000000000e+05
8.008940000000000000e+05
8.022770000000000000e+05
8.027720000000000000e+05
8.059160000000000000e+05
8.062390000000000000e+05
8.107350000000000000e+05
8.136080000000000000e+05
8.176550000000000000e+05
8.176750000000000000e+05
8.235500000000000000e+05
8.288320000000000000e+05
8.295820000000000000e+05
8.339620000000000000e+05
8.366290000000000000e+05
8.378850000000000000e+05
8.388330000000000000e+05
8.404360000000000000e+05
8.404750000000000000e+05
8.426510000000000000e+05
8.434480000000000000e+05
8.440160000000000000e+05
8.509420000000000000e+05
8.517540000000000000e+05
8.545880000000000000e+05
8.553140000000000000e+05
8.566170000000000000e+05
8.567680000000000000e+05
8.590890000000000000e+05
8.603600000000000000e+05
8.609460000000000000e+05
8.623870000000000000e+05
8.640290000000000000e+05
8.664470000000000000e+05
8.681010000000000000e+05
8.681410000000000000e+05
8.702460000000000000e+05
8.749370000000000000e+05
8.763050000000000000e+05
8.764850000000000000e+05
8.779990000000000000e+05
8.829020000000000000e+05
8.862840000000000000e+05
8.868890000000000000e+05
8.876330000000000000e+05
8.889100000000000000e+05
8.890080000000000000e+05
8.898060000000000000e+05
8.900450000000000000e+05
8.903160000000000000e+05
8.904050000000000000e+05
8.920120000000000000e+05
8.952360000000000000e+05
8.963180000000000000e+05
9.004960000000000000e+05
9.009340000000000000e+05
9.018240000000000000e+05
9.028670000000000000e+05
9.045360000000000000e+05
9.045870000000000000e+05
9.070700000000000000e+05
9.113690000000000000e+05
9.147170000000000000e+05
9.171280000000000000e+05
9.188460000000000000e+05
9.209180000000000000e+05
9.239070000000000000e+05
9.253150000000000000e+05
9.254040000000000000e+05
9.256710000000000000e+05
9.268470000000000000e+05
9.269770000000000000e+05
9.274140000000000000e+05
9.274930000000000000e+05
9.358900000000000000e+05
9.360940000000000000e+05
9.360980000000000000e+05
9.363370000000000000e+05
9.391060000000000000e+05
9.402890000000000000e+05
9.441740000000000000e+05
9.454510000000000000e+05
9.455220000000000000e+05
9.459440000000000000e+05
9.469620000000000000e+05
9.478490000000000000e+05
9.525830000000000000e+05
9.526900000000000000e+05
9.567460000000000000e+05
9.575560000000000000e+05
9.579660000000000000e+05
9.579760000000000000e+05
9.582950000000000000e+05
9.625630000000000000e+05
9.638380000000000000e+05
9.662340000000000000e+05
9.677010000000000000e+05
9.685120000000000000e+05
9.714410000000000000e+05
9.735740000000000000e+05
9.790300000000000000e+05
9.804810000000000000e+05
9.839090000000000000e+05
9.843360000000000000e+05
9.852650000000000000e+05
9.861380000000000000e+05
9.878920000000000000e+05
9.888610000000000000e+05
9.910350000000000000e+05
9.915490000000000000e+05
9.988580000000000000e+05
1.001214000000000000e+06
1.004008000000000000e+06
1.006868000000000000e+06
1.007458000000000000e+06
1.008117000000000000e+06
1.008904000000000000e+06
1.011439000000000000e+06
1.016254000000000000e+06
1.017029000000000000e+06
1.018690000000000000e+06
1.020435000000000000e+06
1.020481000000000000e+06
1.021097000000000000e+06
1.022436000000000000e+06
1.025172000000000000e+06
1.025982000000000000e+06
1.026501000000000000e+06
1.026565000000000000e+06
1.028126000000000000e+06
1.028817000000000000e+06
1.030008000000000000e+06
1.033377000000000000e+06
1.033488000000000000e+06
1.036447000000000000e+06
1.036803000000000000e+06
1.041792000000000000e+06
1.044056000000000000e+06
1.044575000000000000e+06
1.044801000000000000e+06
1.045049000000000000e+06
1.045744000000000000e+06
1.046086000000000000e+06
1.048415000000000000e+06
1.052885000000000000e+06
1.053955000000000000e+06
1.055390000000000000e+06
1.055986000000000000e+06
1.056945000000000000e+06
1.059961000000000000e+06
1.061618000000000000e+06
1.062009000000000000e+06
1.063822000000000000e+06
1.063876000000000000e+06
1.064818000000000000e+06
1.067929000000000000e+06
1.074715000000000000e+06
1.075296000000000000e+06
1.076354000000000000e+06
1.081103000000000000e+06
1.087637000000000000e+06
1.088416000000000000e+06
1.094709000000000000e+06
1.095876000000000000e+06
1.096029000000000000e+06
1.096969000000000000e+06
1.097218000000000000e+06
1.097677000000000000e+06
1.097922000000000000e+06
1.098472000000000000e+06
1.099772000000000000e+06
1.103579000000000000e+06
1.105526000000000000e+06
1.106693000000000000e+06
1.106950000000000000e+06
1.107030000000000000e+06
1.111108000000000000e+06
1.111416000000000000e+06
1.112789000000000000e+06
1.114875000000000000e+06
1.117942000000000000e+06
1.119500000000000000e+06
1.120176000000000000e+06
1.122063000000000000e+06
1.123363000000000000e+06
1.123996000000000000e+06
1.125938000000000000e+06
1.126929000000000000e+06
1.127393000000000000e+06
1.131655000000000000e+06
1.133096000000000000e+06
1.135226000000000000e+06
1.135303000000000000e+06
1.138706000000000000e+06
1.138733000000000000e+06
1.141315000000000000e+06
1.142748000000000000e+06
1.147974000000000000e+06
1.149118000000000000e+06
1.155069000000000000e+06
1.156509000000000000e+06
1.158801000000000000e+06
1.159887000000000000e+06
1.161080000000000000e+06
1.161841000000000000e+06
1.162946000000000000e+06
1.166725000000000000e+06
1.167269000000000000e+06
1.168985000000000000e+06
1.170853000000000000e+06
1.172737000000000000e+06
1.174387000000000000e+06
1.176565000000000000e+06
1.178076000000000000e+06
1.179529000000000000e+06
1.184290000000000000e+06
1.184385000000000000e+06
1.187544000000000000e+06
1.189756000000000000e+06
1.194857000000000000e+06
1.200220000000000000e+06
1.201883000000000000e+06
1.205707000000000000e+06
1.206459000000000000e+06
1.207198000000000000e+06
1.212696000000000000e+06
1.212903000000000000e+06
1.213205000000000000e+06
1.215864000000000000e+06
1.217172000000000000e+06
1.222337000000000000e+06
1.223843000000000000e+06
1.224518000000000000e+06
1.227745000000000000e+06
1.227929000000000000e+06
1.227941000000000000e+06
1.228571000000000000e+06
1.229803000000000000e+06
1.230980000000000000e+06
1.231635000000000000e+06
1.236660000000000000e+06
1.237341000000000000e+06
1.239733000000000000e+06
1.239895000000000000e+06
1.239935000000000000e+06
1.241769000000000000e+06
1.241843000000000000e+06
1.241956000000000000e+06
1.246179000000000000e+06
1.246189000000000000e+06
1.248852000000000000e+06
1.251596000000000000e+06
1.255006000000000000e+06
1.255303000000000000e+06
1.255979000000000000e+06
1.256514000000000000e+06
1.256633000000000000e+06
1.259523000000000000e+06
1.261163000000000000e+06
1.261318000000000000e+06
1.264834000000000000e+06
1.267703000000000000e+06
1.270029000000000000e+06
1.270352000000000000e+06
1.271024000000000000e+06
1.272975000000000000e+06
1.274706000000000000e+06
1.275631000000000000e+06
1.276061000000000000e+06
1.276665000000000000e+06
1.278847000000000000e+06
1.285487000000000000e+06
1.286341000000000000e+06
1.286451000000000000e+06
1.290111000000000000e+06
1.293334000000000000e+06
1.294130000000000000e+06
1.294240000000000000e+06
1.294575000000000000e+06
1.297445000000000000e+06
1.297609000000000000e+06
1.300568000000000000e+06
1.302453000000000000e+06
1.303961000000000000e+06
1.304676000000000000e+06
1.305350000000000000e+06
1.305486000000000000e+06
1.306007000000000000e+06
1.308509000000000000e+06
1.309581000000000000e+06
1.312329000000000000e+06
1.314065000000000000e+06
1.320382000000000000e+06
1.320504000000000000e+06
1.322907000000000000e+06
1.323373000000000000e+06
1.323667000000000000e+06
1.323754000000000000e+06
1.326072000000000000e+06
1.326148000000000000e+06
1.329183000000000000e+06
1.332123000000000000e+06
1.335266000000000000e+06
1.335929000000000000e+06
1.338394000000000000e+06
1.342432000000000000e+06
1.343212000000000000e+06
1.347344000000000000e+06
1.347427000000000000e+06
1.347615000000000000e+06
1.349194000000000000e+06
1.351499000000000000e+06
1.353800000000000000e+06
1.354919000000000000e+06
1.356983000000000000e+06
1.357202000000000000e+06
1.358516000000000000e+06
1.364438000000000000e+06
1.365758000000000000e+06
1.370402000000000000e+06
1.374325000000000000e+06
1.374707000000000000e+06
1.378530000000000000e+06
1.378853000000000000e+06
1.378990000000000000e+06
1.383072000000000000e+06
1.384431000000000000e+06
1.385351000000000000e+06
1.385705000000000000e+06
1.385953000000000000e+06
1.389324000000000000e+06
1.390914000000000000e+06
1.391176000000000000e+06
1.394393000000000000e+06
1.396006000000000000e+06
1.400616000000000000e+06
1.401413000000000000e+06
1.403216000000000000e+06
1.404763000000000000e+06
1.405076000000000000e+06
1.405434000000000000e+06
1.406444000000000000e+06
1.407546000000000000e+06
1.409334000000000000e+06
1.409681000000000000e+06
1.409978000000000000e+06
1.410124000000000000e+06
1.416437000000000000e+06
1.419133000000000000e+06
1.419592000000000000e+06
1.421227000000000000e+06
1.422717000000000000e+06
1.425999000000000000e+06
1.431796000000000000e+06
1.437471000000000000e+06
1.438114000000000000e+06
1.438624000000000000e+06
1.440308000000000000e+06
1.441435000000000000e+06
1.444167000000000000e+06
1.445575000000000000e+06
1.446503000000000000e+06
1.447557000000000000e+06
1.448604000000000000e+06
1.452946000000000000e+06
1.453320000000000000e+06
1.454236000000000000e+06
1.454707000000000000e+06
1.456617000000000000e+06
1.461419000000000000e+06
1.461530000000000000e+06
1.463280000000000000e+06
1.463681000000000000e+06
1.463862000000000000e+06
1.471047000000000000e+06
1.474854000000000000e+06
1.475468000000000000e+06
1.477284000000000000e+06
1.481076000000000000e+06
1.483069000000000000e+06
1.489536000000000000e+06
1.491598000000000000e+06
1.498638000000000000e+06
1.499097000000000000e+06
1.502833000000000000e+06
1.505636000000000000e+06
1.506197000000000000e+06
1.506955000000000000e+06
1.506963000000000000e+06
1.507937000000000000e+06
1.511469000000000000e+06
1.511903000000000000e+06
1.516862000000000000e+06
1.522227000000000000e+06
1.522287000000000000e+06
1.525066000000000000e+06
1.528323000000000000e+06
1.533001000000000000e+06
1.533970000000000000e+06
1.534294000000000000e+06
1.537394000000000000e+06
1.537961000000000000e+06
1.541962000000000000e+06
1.542337000000000000e+06
1.545720000000000000e+06
1.547714000000000000e+06
1.547884000000000000e+06
1.548031000000000000e+06
1.553940000000000000e+06
1.554669000000000000e+06
1.554802000000000000e+06
1.556497000000000000e+06
1.557222000000000000e+06
1.558732000000000000e+06
1.560634000000000000e+06
1.560671000000000000e+06
1.561044000000000000e+06
1.564958000000000000e+06
1.569190000000000000e+06
1.569779000000000000e+06
1.569970000000000000e+06
1.575071000000000000e+06
1.579073000000000000e+06
1.580914000000000000e+06
1.584195000000000000e+06
1.587889000000000000e+06
1.589955000000000000e+06
1.596883000000000000e+06
1.601338000000000000e+06
1.606799000000000000e+06
1.607307000000000000e+06
1.609611000000000000e+06
1.609708000000000000e+06
1.611859000000000000e+06
1.612767000000000000e+06
1.615636000000000000e+06
1.617226000000000000e+06
1.624091000000000000e+06
1.629953000000000000e+06
1.631075000000000000e+06
1.632988000000000000e+06
1.635086000000000000e+06
1.635307000000000000e+06
1.636673000000000000e+06
1.636804000000000000e+06
1.637212000000000000e+06
1.637784000000000000e+06
1.639240000000000000e+06
1.639765000000000000e+06
1.639968000000000000e+06
1.646712000000000000e+06
1.648023000000000000e+06
1.648409000000000000e+06
1.648761000000000000e+06
1.653423000000000000e+06
1.653497000000000000e+06
1.658127000000000000e+06
1.659201000000000000e+06
1.660851000000000000e+06
1.663031000000000000e+06
1.667650000000000000e+06
1.674589000000000000e+06
1.676837000000000000e+06
1.680575000000000000e+06
1.684434000000000000e+06
1.686505000000000000e+06
1.687926000000000000e+06
1.688937000000000000e+06
1.691622000000000000e+06
1.693293000000000000e+06
1.693459000000000000e+06
1.694237000000000000e+06
1.694860000000000000e+06
1.696045000000000000e+06
1.697540000000000000e+06
1.699759000000000000e+06
1.700257000000000000e+06
1.711350000000000000e+06
1.712618000000000000e+06
1.713094000000000000e+06
1.713753000000000000e+06
1.713868000000000000e+06
1.713898000000000000e+06
1.714436000000000000e+06
1.714964000000000000e+06
1.716280000000000000e+06
1.716703000000000000e+06
1.724887000000000000e+06
1.725124000000000000e+06
1.727062000000000000e+06
1.727393000000000000e+06
1.729342000000000000e+06
1.732495000000000000e+06
1.733732000000000000e+06
1.738973000000000000e+06
1.739673000000000000e+06
1.740297000000000000e+06
1.743583000000000000e+06
1.746928000000000000e+06
1.747202000000000000e+06
1.747691000000000000e+06
1.751200000000000000e+06
1.751814000000000000e+06
1.752835000000000000e+06
1.753154000000000000e+06
1.753283000000000000e+06
1.754367000000000000e+06
1.754544000000000000e+06
1.755722000000000000e+06
1.756292000000000000e+06
1.758909000000000000e+06
1.760120000000000000e+06
1.762745000000000000e+06
1.765781000000000000e+06
1.768779000000000000e+06
1.771669000000000000e+06
1.772808000000000000e+06
1.775204000000000000e+06
1.779990000000000000e+06
1.784149000000000000e+06
1.785211000000000000e+06
1.786268000000000000e+06
1.787144000000000000e+06
1.789802000000000000e+06
1.792079000000000000e+06
1.795030000000000000e+06
1.798500000000000000e+06
1.799535000000000000e+06
1.804172000000000000e+06
1.806611000000000000e+06
1.808253000000000000e+06
1.808710000000000000e+06
1.809404000000000000e+06
1.809930000000000000e+06
1.810438000000000000e+06
1.810979000000000000e+06
1.812683000000000000e+06
1.813650000000000000e+06
1.817847000000000000e+06
1.818127000000000000e+06
1.818179000000000000e+06
1.819195000000000000e+06
1.824445000000000000e+06
1.826247000000000000e+06
1.826563000000000000e+06
1.833073000000000000e+06
1.834512000000000000e+06
1.838325000000000000e+06
1.839129000000000000e+06
1.840518000000000000e+06
1.844068000000000000e+06
1.846589000000000000e+06
1.846713000000000000e+06
1.847310000000000000e+06
1.848220000000000000e+06
1.848669000000000000e+06
1.848904000000000000e+06
1.849057000000000000e+06
1.849126000000000000e+06
1.850775000000000000e+06
1.851748000000000000e+06
1.854335000000000000e+06
1.857469000000000000e+06
1.857837000000000000e+06
1.858293000000000000e+06
1.860285000000000000e+06
1.861644000000000000e+06
1.864291000000000000e+06
1.866441000000000000e+06
1.867178000000000000e+06
1.867583000000000000e+06
1.867669000000000000e+06
1.868026000000000000e+06
1.869926000000000000e+06
1.870177000000000000e+06
1.881245000000000000e+06
1.888712000000000000e+06
1.891167000000000000e+06
1.893226000000000000e+06
1.894259000000000000e+06
1.894859000000000000e+06
1.897420000000000000e+06
1.898262000000000000e+06
1.901728000000000000e+06
1.902010000000000000e+06
1.903627000000000000e+06
1.904902000000000000e+06
1.907898000000000000e+06
1.910799000000000000e+06
1.911636000000000000e+06
1.913417000000000000e+06
1.913711000000000000e+06
1.913844000000000000e+06
1.915599000000000000e+06
1.916334000000000000e+06
1.918113000000000000e+06
1.918288000000000000e+06
1.920708000000000000e+06
1.923223000000000000e+06
1.926543000000000000e+06
1.927750000000000000e+06
1.928212000000000000e+06
1.931704000000000000e+06
1.931805000000000000e+06
1.935377000000000000e+06
1.936585000000000000e+06
1.936598000000000000e+06
1.937022000000000000e+06
1.937109000000000000e+06
1.938603000000000000e+06
1.940153000000000000e+06
1.941492000000000000e+06
1.944662000000000000e+06
1.951536000000000000e+06
