1.392500000000000000e+04
1.448000000000000000e+04
1.099100000000000000e+04
1.646700000000000000e+04
8.532000000000000000e+03
8.138000000000000000e+03
9.964000000000000000e+03
6.867000000000000000e+03
1.398400000000000000e+04
8.955000000000000000e+03
1.284300000000000000e+04
8.331000000000000000e+03
8.497000000000000000e+03
1.424200000000000000e+04
1.029700000000000000e+04
8.696000000000000000e+03
8.504000000000000000e+03
1.064800000000000000e+04
1.476500000000000000e+04
1.023600000000000000e+04
1.350400000000000000e+04
1.057100000000000000e+04
1.333300000000000000e+04
1.728900000000000000e+04
1.474400000000000000e+04
1.358000000000000000e+04
2.783000000000000000e+04
1.269700000000000000e+04
7.987000000000000000e+03
9.766000000000000000e+03
1.336600000000000000e+04
7.808000000000000000e+03
1.463100000000000000e+04
1.796900000000000000e+04
1.359100000000000000e+04
2.180400000000000000e+04
1.431900000000000000e+04
1.549600000000000000e+04
1.816700000000000000e+04
1.295000000000000000e+04
1.944300000000000000e+04
1.733700000000000000e+04
1.820100000000000000e+04
8.938000000000000000e+03
1.637100000000000000e+04
1.633800000000000000e+04
1.063700000000000000e+04
1.928500000000000000e+04
8.772000000000000000e+03
1.220700000000000000e+04
1.138600000000000000e+04
1.368800000000000000e+04
8.125000000000000000e+03
1.566800000000000000e+04
1.769200000000000000e+04
1.257600000000000000e+04
6.991000000000000000e+03
1.313500000000000000e+04
1.119300000000000000e+04
7.291000000000000000e+03
1.216200000000000000e+04
1.574600000000000000e+04
1.355100000000000000e+04
1.081100000000000000e+04
9.852000000000000000e+03
1.050100000000000000e+04
1.123100000000000000e+04
1.522800000000000000e+04
1.891800000000000000e+04
1.537000000000000000e+04
1.662700000000000000e+04
1.012000000000000000e+04
7.615000000000000000e+03
1.345900000000000000e+04
8.098000000000000000e+03
1.246900000000000000e+04
1.838400000000000000e+04
1.107200000000000000e+04
1.565200000000000000e+04
1.223600000000000000e+04
1.165200000000000000e+04
1.024000000000000000e+04
1.887600000000000000e+04
1.511700000000000000e+04
1.264200000000000000e+04
7.008000000000000000e+03
1.455000000000000000e+04
1.131500000000000000e+04
1.101600000000000000e+04
1.390400000000000000e+04
1.275800000000000000e+04
1.307800000000000000e+04
1.291700000000000000e+04
1.032800000000000000e+04
8.446000000000000000e+03
1.931400000000000000e+04
8.010000000000000000e+03
4.281000000000000000e+03
1.489400000000000000e+04
1.282000000000000000e+04
1.286900000000000000e+04
1.679300000000000000e+04
1.461600000000000000e+04
7.762000000000000000e+03
1.900100000000000000e+04
1.061800000000000000e+04
7.685000000000000000e+03
1.323900000000000000e+04
1.420900000000000000e+04
1.188500000000000000e+04
1.820400000000000000e+04
1.539200000000000000e+04
1.172700000000000000e+04
7.137000000000000000e+03
1.541400000000000000e+04
1.732300000000000000e+04
1.574300000000000000e+04
1.328700000000000000e+04
1.428200000000000000e+04
1.756500000000000000e+04
9.251000000000000000e+03
1.236500000000000000e+04
8.396000000000000000e+03
1.588400000000000000e+04
1.177700000000000000e+04
1.277500000000000000e+04
7.691000000000000000e+03
2.074700000000000000e+04
1.390200000000000000e+04
2.231100000000000000e+04
1.278700000000000000e+04
1.029900000000000000e+04
1.484600000000000000e+04
7.395000000000000000e+03
1.225300000000000000e+04
1.089700000000000000e+04
9.218000000000000000e+03
1.003400000000000000e+04
1.241700000000000000e+04
8.400000000000000000e+03
1.072100000000000000e+04
1.627100000000000000e+04
1.263500000000000000e+04
9.980000000000000000e+03
1.396300000000000000e+04
1.366100000000000000e+04
1.832400000000000000e+04
1.043600000000000000e+04
7.789000000000000000e+03
1.195100000000000000e+04
1.964900000000000000e+04
9.129000000000000000e+03
7.757000000000000000e+03
1.252300000000000000e+04
9.318000000000000000e+03
5.597000000000000000e+03
1.305900000000000000e+04
1.442700000000000000e+04
9.882000000000000000e+03
1.626600000000000000e+04
9.550000000000000000e+03
1.088500000000000000e+04
9.752000000000000000e+03
2.204500000000000000e+04
9.999000000000000000e+03
1.347200000000000000e+04
1.812400000000000000e+04
1.642300000000000000e+04
1.546600000000000000e+04
1.408800000000000000e+04
1.240700000000000000e+04
7.641000000000000000e+03
1.523900000000000000e+04
9.526000000000000000e+03
9.724000000000000000e+03
1.427500000000000000e+04
1.720400000000000000e+04
7.803000000000000000e+03
9.674000000000000000e+03
8.296000000000000000e+03
1.723700000000000000e+04
1.143200000000000000e+04
1.889800000000000000e+04
2.232000000000000000e+04
1.018000000000000000e+04
8.231000000000000000e+03
7.807000000000000000e+03
1.314100000000000000e+04
7.610000000000000000e+03
8.055000000000000000e+03
1.127100000000000000e+04
1.095500000000000000e+04
9.393000000000000000e+03
1.303200000000000000e+04
1.505500000000000000e+04
1.527700000000000000e+04
1.923500000000000000e+04
1.096300000000000000e+04
1.306000000000000000e+04
9.075000000000000000e+03
1.691600000000000000e+04
1.252100000000000000e+04
1.295900000000000000e+04
8.712000000000000000e+03
1.143000000000000000e+04
1.502500000000000000e+04
1.050300000000000000e+04
1.087200000000000000e+04
1.324900000000000000e+04
1.034600000000000000e+04
1.834500000000000000e+04
1.673100000000000000e+04
1.387900000000000000e+04
9.238000000000000000e+03
1.229100000000000000e+04
1.273700000000000000e+04
7.068000000000000000e+03
7.930000000000000000e+03
1.645400000000000000e+04
1.060000000000000000e+04
1.470900000000000000e+04
2.243900000000000000e+04
1.232900000000000000e+04
1.451800000000000000e+04
7.211000000000000000e+03
1.129600000000000000e+04
1.035700000000000000e+04
1.044700000000000000e+04
1.317800000000000000e+04
1.002300000000000000e+04
1.288800000000000000e+04
7.098000000000000000e+03
8.374000000000000000e+03
1.040500000000000000e+04
8.666000000000000000e+03
1.902800000000000000e+04
1.218800000000000000e+04
1.051000000000000000e+04
1.610800000000000000e+04
1.723600000000000000e+04
9.106000000000000000e+03
5.052000000000000000e+03
3.832000000000000000e+03
8.136000000000000000e+03
1.113200000000000000e+04
1.217000000000000000e+04
1.060300000000000000e+04
1.257700000000000000e+04
8.470000000000000000e+03
1.377600000000000000e+04
1.534400000000000000e+04
1.398700000000000000e+04
1.299900000000000000e+04
2.053800000000000000e+04
1.362600000000000000e+04
1.181700000000000000e+04
8.879000000000000000e+03
1.232000000000000000e+04
2.183800000000000000e+04
1.758600000000000000e+04
1.347400000000000000e+04
1.524700000000000000e+04
2.117200000000000000e+04
1.298300000000000000e+04
9.456000000000000000e+03
1.432200000000000000e+04
1.887200000000000000e+04
1.631100000000000000e+04
9.647000000000000000e+03
1.218700000000000000e+04
1.192100000000000000e+04
8.659000000000000000e+03
9.556000000000000000e+03
1.553500000000000000e+04
2.143300000000000000e+04
9.707000000000000000e+03
1.345400000000000000e+04
1.155700000000000000e+04
1.217500000000000000e+04
1.445300000000000000e+04
1.011400000000000000e+04
7.877000000000000000e+03
1.134500000000000000e+04
1.767700000000000000e+04
2.408100000000000000e+04
1.030400000000000000e+04
1.211400000000000000e+04
1.155200000000000000e+04
7.885000000000000000e+03
1.064100000000000000e+04
1.146200000000000000e+04
1.244100000000000000e+04
8.843000000000000000e+03
9.043000000000000000e+03
1.278600000000000000e+04
1.220400000000000000e+04
1.423400000000000000e+04
1.366200000000000000e+04
4.915000000000000000e+03
1.163900000000000000e+04
1.021100000000000000e+04
1.202200000000000000e+04
1.589600000000000000e+04
1.190200000000000000e+04
1.122000000000000000e+04
1.105200000000000000e+04
1.693100000000000000e+04
1.134700000000000000e+04
1.298400000000000000e+04
9.446000000000000000e+03
1.875800000000000000e+04
1.974900000000000000e+04
1.441500000000000000e+04
1.446000000000000000e+04
1.707500000000000000e+04
8.232000000000000000e+03
1.124700000000000000e+04
1.158600000000000000e+04
1.398700000000000000e+04
1.289100000000000000e+04
1.013200000000000000e+04
1.711500000000000000e+04
6.578000000000000000e+03
7.410000000000000000e+03
7.347000000000000000e+03
1.122600000000000000e+04
1.390800000000000000e+04
1.592300000000000000e+04
1.252600000000000000e+04
1.319100000000000000e+04
1.155200000000000000e+04
1.264500000000000000e+04
1.750200000000000000e+04
1.741300000000000000e+04
1.193100000000000000e+04
1.919700000000000000e+04
7.343000000000000000e+03
1.322800000000000000e+04
1.849200000000000000e+04
1.886500000000000000e+04
9.659000000000000000e+03
6.980000000000000000e+03
1.175400000000000000e+04
2.039800000000000000e+04
1.515300000000000000e+04
1.043400000000000000e+04
1.539400000000000000e+04
1.081000000000000000e+04
1.122400000000000000e+04
8.826000000000000000e+03
1.373800000000000000e+04
1.376000000000000000e+04
1.213300000000000000e+04
8.249000000000000000e+03
1.823100000000000000e+04
2.024600000000000000e+04
1.666500000000000000e+04
1.736100000000000000e+04
1.424500000000000000e+04
1.391700000000000000e+04
1.418200000000000000e+04
1.088200000000000000e+04
1.014700000000000000e+04
1.250100000000000000e+04
1.859300000000000000e+04
1.379100000000000000e+04
1.559400000000000000e+04
1.796900000000000000e+04
9.534000000000000000e+03
1.359300000000000000e+04
1.937700000000000000e+04
1.055100000000000000e+04
1.258200000000000000e+04
9.236000000000000000e+03
1.452800000000000000e+04
9.776000000000000000e+03
1.287700000000000000e+04
1.334700000000000000e+04
1.223800000000000000e+04
7.907000000000000000e+03
1.073700000000000000e+04
1.092700000000000000e+04
1.026500000000000000e+04
1.424400000000000000e+04
1.080200000000000000e+04
1.255700000000000000e+04
1.277800000000000000e+04
1.345100000000000000e+04
1.437100000000000000e+04
1.439800000000000000e+04
1.956300000000000000e+04
1.159600000000000000e+04
8.066000000000000000e+03
1.550000000000000000e+04
1.790800000000000000e+04
1.264000000000000000e+04
1.130400000000000000e+04
1.999800000000000000e+04
1.172900000000000000e+04
1.157200000000000000e+04
8.423000000000000000e+03
1.688600000000000000e+04
7.125000000000000000e+03
4.795000000000000000e+03
1.449100000000000000e+04
1.855700000000000000e+04
1.446400000000000000e+04
1.158900000000000000e+04
1.872600000000000000e+04
9.333000000000000000e+03
1.817000000000000000e+04
2.073800000000000000e+04
8.023000000000000000e+03
1.013700000000000000e+04
8.491000000000000000e+03
1.608700000000000000e+04
1.205000000000000000e+04
1.454000000000000000e+04
1.844900000000000000e+04
1.275700000000000000e+04
1.827000000000000000e+04
1.596300000000000000e+04
1.182100000000000000e+04
1.179300000000000000e+04
1.121400000000000000e+04
1.139800000000000000e+04
1.376300000000000000e+04
1.023100000000000000e+04
1.304500000000000000e+04
1.204500000000000000e+04
1.589600000000000000e+04
1.894800000000000000e+04
1.036300000000000000e+04
1.113500000000000000e+04
1.175500000000000000e+04
9.808000000000000000e+03
8.317000000000000000e+03
1.668300000000000000e+04
1.288800000000000000e+04
1.128500000000000000e+04
1.538100000000000000e+04
7.151000000000000000e+03
1.906900000000000000e+04
1.003300000000000000e+04
1.674600000000000000e+04
8.306000000000000000e+03
1.498400000000000000e+04
1.392500000000000000e+04
1.196100000000000000e+04
1.071200000000000000e+04
1.136800000000000000e+04
1.632600000000000000e+04
1.257900000000000000e+04
1.120300000000000000e+04
8.035000000000000000e+03
1.634200000000000000e+04
1.030500000000000000e+04
9.178000000000000000e+03
1.089600000000000000e+04
2.029400000000000000e+04
9.960000000000000000e+03
1.833100000000000000e+04
1.288300000000000000e+04
1.411000000000000000e+04
1.146800000000000000e+04
1.568800000000000000e+04
1.406500000000000000e+04
1.325500000000000000e+04
1.122200000000000000e+04
1.147300000000000000e+04
7.919000000000000000e+03
1.110000000000000000e+04
7.061000000000000000e+03
1.265700000000000000e+04
1.072800000000000000e+04
1.194900000000000000e+04
2.213500000000000000e+04
2.314800000000000000e+04
1.709900000000000000e+04
1.517700000000000000e+04
5.324000000000000000e+03
1.514000000000000000e+04
1.459700000000000000e+04
1.176200000000000000e+04
1.005600000000000000e+04
1.241900000000000000e+04
1.858500000000000000e+04
1.234600000000000000e+04
8.913000000000000000e+03
8.237000000000000000e+03
1.115600000000000000e+04
1.409700000000000000e+04
1.198800000000000000e+04
1.100900000000000000e+04
1.346700000000000000e+04
1.363700000000000000e+04
1.192400000000000000e+04
2.132200000000000000e+04
9.396000000000000000e+03
1.189800000000000000e+04
1.553500000000000000e+04
1.314300000000000000e+04
1.892500000000000000e+04
1.193100000000000000e+04
1.656900000000000000e+04
1.043300000000000000e+04
2.981400000000000000e+04
1.410100000000000000e+04
9.241000000000000000e+03
8.932000000000000000e+03
2.281600000000000000e+04
1.369500000000000000e+04
2.088600000000000000e+04
1.332500000000000000e+04
1.724100000000000000e+04
1.564500000000000000e+04
1.079200000000000000e+04
6.791000000000000000e+03
2.333400000000000000e+04
1.353400000000000000e+04
4.008000000000000000e+03
7.680000000000000000e+03
1.210200000000000000e+04
1.443600000000000000e+04
1.431600000000000000e+04
1.557000000000000000e+04
1.632000000000000000e+04
9.805000000000000000e+03
1.320800000000000000e+04
1.397700000000000000e+04
1.026300000000000000e+04
1.022500000000000000e+04
1.688200000000000000e+04
1.265300000000000000e+04
1.118300000000000000e+04
1.239300000000000000e+04
1.157900000000000000e+04
1.589600000000000000e+04
1.887400000000000000e+04
8.899000000000000000e+03
1.802000000000000000e+04
1.116600000000000000e+04
1.731700000000000000e+04
8.721000000000000000e+03
1.097700000000000000e+04
1.081300000000000000e+04
7.995000000000000000e+03
5.343000000000000000e+03
1.327700000000000000e+04
1.856400000000000000e+04
8.235000000000000000e+03
6.522000000000000000e+03
8.645000000000000000e+03
1.837300000000000000e+04
1.394200000000000000e+04
1.210000000000000000e+04
2.010500000000000000e+04
1.241300000000000000e+04
1.598400000000000000e+04
1.864700000000000000e+04
1.102800000000000000e+04
9.883000000000000000e+03
8.340000000000000000e+03
1.196400000000000000e+04
9.568000000000000000e+03
9.912000000000000000e+03
6.879000000000000000e+03
1.514900000000000000e+04
8.462000000000000000e+03
1.219200000000000000e+04
9.324000000000000000e+03
1.218500000000000000e+04
1.013300000000000000e+04
1.332200000000000000e+04
9.447000000000000000e+03
1.461300000000000000e+04
7.849000000000000000e+03
9.795000000000000000e+03
2.203800000000000000e+04
1.269000000000000000e+04
2.017400000000000000e+04
1.431200000000000000e+04
7.424000000000000000e+03
8.761000000000000000e+03
6.662000000000000000e+03
1.236100000000000000e+04
1.552800000000000000e+04
8.321000000000000000e+03
1.223300000000000000e+04
1.978800000000000000e+04
1.064400000000000000e+04
9.888000000000000000e+03
1.065500000000000000e+04
1.277300000000000000e+04
1.195100000000000000e+04
1.014900000000000000e+04
1.239700000000000000e+04
1.479400000000000000e+04
1.247500000000000000e+04
7.273000000000000000e+03
1.234200000000000000e+04
8.628000000000000000e+03
8.829000000000000000e+03
1.677400000000000000e+04
1.530100000000000000e+04
1.108000000000000000e+04
1.341500000000000000e+04
7.399000000000000000e+03
9.365000000000000000e+03
1.781600000000000000e+04
1.125900000000000000e+04
1.054200000000000000e+04
1.662800000000000000e+04
1.198800000000000000e+04
9.747000000000000000e+03
1.005900000000000000e+04
1.109200000000000000e+04
1.365200000000000000e+04
2.141300000000000000e+04
1.188600000000000000e+04
1.319300000000000000e+04
7.883000000000000000e+03
1.284000000000000000e+04
1.416700000000000000e+04
1.672600000000000000e+04
7.858000000000000000e+03
1.316500000000000000e+04
1.060600000000000000e+04
1.191200000000000000e+04
1.402000000000000000e+04
7.625000000000000000e+03
8.441000000000000000e+03
1.449200000000000000e+04
1.070200000000000000e+04
9.777000000000000000e+03
1.910100000000000000e+04
1.639300000000000000e+04
1.554000000000000000e+04
1.174600000000000000e+04
1.418900000000000000e+04
1.262000000000000000e+04
2.113100000000000000e+04
1.323100000000000000e+04
1.116300000000000000e+04
1.205200000000000000e+04
7.017000000000000000e+03
1.590800000000000000e+04
1.602400000000000000e+04
1.716200000000000000e+04
7.158000000000000000e+03
6.237000000000000000e+03
6.431000000000000000e+03
1.685500000000000000e+04
1.237500000000000000e+04
7.821000000000000000e+03
1.192800000000000000e+04
1.033200000000000000e+04
1.103100000000000000e+04
1.311200000000000000e+04
1.532600000000000000e+04
1.574300000000000000e+04
2.012100000000000000e+04
1.775700000000000000e+04
1.345800000000000000e+04
1.177300000000000000e+04
1.184300000000000000e+04
1.479500000000000000e+04
1.566300000000000000e+04
7.155000000000000000e+03
1.086100000000000000e+04
9.979000000000000000e+03
1.571200000000000000e+04
1.428600000000000000e+04
8.602000000000000000e+03
1.182100000000000000e+04
1.350300000000000000e+04
8.799000000000000000e+03
9.020000000000000000e+02
1.134500000000000000e+04
1.074300000000000000e+04
9.253000000000000000e+03
1.258100000000000000e+04
5.369000000000000000e+03
5.002000000000000000e+03
7.020000000000000000e+03
1.478000000000000000e+04
1.674100000000000000e+04
1.226600000000000000e+04
9.941000000000000000e+03
8.246000000000000000e+03
7.914000000000000000e+03
7.781000000000000000e+03
1.458800000000000000e+04
1.665400000000000000e+04
1.766700000000000000e+04
1.097100000000000000e+04
8.785000000000000000e+03
1.939000000000000000e+04
4.881000000000000000e+03
5.908000000000000000e+03
1.459200000000000000e+04
7.250000000000000000e+03
1.913800000000000000e+04
7.628000000000000000e+03
8.357000000000000000e+03
1.233400000000000000e+04
1.103300000000000000e+04
7.456000000000000000e+03
9.973000000000000000e+03
1.422700000000000000e+04
7.319000000000000000e+03
7.618000000000000000e+03
1.093800000000000000e+04
1.237900000000000000e+04
1.686400000000000000e+04
8.840000000000000000e+03
8.605000000000000000e+03
1.603400000000000000e+04
9.680000000000000000e+03
9.244000000000000000e+03
7.994000000000000000e+03
1.284000000000000000e+04
1.170300000000000000e+04
8.525000000000000000e+03
1.283100000000000000e+04
1.151600000000000000e+04
4.864000000000000000e+03
8.337000000000000000e+03
1.157700000000000000e+04
1.673700000000000000e+04
1.522400000000000000e+04
9.455000000000000000e+03
1.762000000000000000e+04
1.285600000000000000e+04
2.036900000000000000e+04
1.378300000000000000e+04
9.971000000000000000e+03
8.083000000000000000e+03
1.527400000000000000e+04
9.440000000000000000e+03
1.400700000000000000e+04
1.165100000000000000e+04
9.591000000000000000e+03
7.745000000000000000e+03
1.067900000000000000e+04
1.962500000000000000e+04
1.735900000000000000e+04
1.710200000000000000e+04
1.663800000000000000e+04
3.734000000000000000e+03
8.497000000000000000e+03
2.013700000000000000e+04
1.641600000000000000e+04
1.391700000000000000e+04
1.906600000000000000e+04
1.133300000000000000e+04
1.702400000000000000e+04
1.235300000000000000e+04
9.017000000000000000e+03
3.040000000000000000e+03
1.251000000000000000e+04
1.636500000000000000e+04
1.460600000000000000e+04
1.313100000000000000e+04
1.547100000000000000e+04
1.129600000000000000e+04
1.864900000000000000e+04
1.081500000000000000e+04
2.096500000000000000e+04
1.103900000000000000e+04
1.145400000000000000e+04
1.262300000000000000e+04
2.516200000000000000e+04
1.221800000000000000e+04
1.065700000000000000e+04
1.693500000000000000e+04
1.130200000000000000e+04
9.602000000000000000e+03
1.477100000000000000e+04
1.647000000000000000e+04
1.393400000000000000e+04
1.332700000000000000e+04
8.545000000000000000e+03
1.212800000000000000e+04
8.000000000000000000e+03
1.852400000000000000e+04
1.123600000000000000e+04
1.406000000000000000e+04
1.853500000000000000e+04
1.068000000000000000e+04
1.207900000000000000e+04
1.923700000000000000e+04
1.337500000000000000e+04
1.212800000000000000e+04
2.022100000000000000e+04
2.213100000000000000e+04
1.386600000000000000e+04
1.378500000000000000e+04
1.341500000000000000e+04
1.201400000000000000e+04
1.573700000000000000e+04
1.200200000000000000e+04
1.129600000000000000e+04
1.859600000000000000e+04
1.247100000000000000e+04
1.329000000000000000e+04
1.113700000000000000e+04
1.509700000000000000e+04
1.176300000000000000e+04
1.295100000000000000e+04
1.656700000000000000e+04
1.102400000000000000e+04
1.639100000000000000e+04
2.093600000000000000e+04
1.146000000000000000e+04
1.415100000000000000e+04
1.825300000000000000e+04
1.109700000000000000e+04
1.241200000000000000e+04
1.796400000000000000e+04
2.250600000000000000e+04
1.762800000000000000e+04
1.891500000000000000e+04
1.089600000000000000e+04
1.103900000000000000e+04
2.189400000000000000e+04
1.360100000000000000e+04
4.811000000000000000e+03
1.732200000000000000e+04
9.167000000000000000e+03
1.324200000000000000e+04
1.311700000000000000e+04
7.567000000000000000e+03
1.043900000000000000e+04
1.147200000000000000e+04
1.489200000000000000e+04
1.352200000000000000e+04
1.672100000000000000e+04
1.041800000000000000e+04
1.196800000000000000e+04
1.299300000000000000e+04
1.860000000000000000e+04
1.079500000000000000e+04
9.510000000000000000e+03
1.949500000000000000e+04
1.035900000000000000e+04
9.862000000000000000e+03
1.339200000000000000e+04
1.703800000000000000e+04
9.770000000000000000e+03
1.296000000000000000e+04
1.313200000000000000e+04
1.057900000000000000e+04
2.125000000000000000e+04
1.214700000000000000e+04
7.754000000000000000e+03
1.708400000000000000e+04
9.756000000000000000e+03
1.033200000000000000e+04
1.047200000000000000e+04
1.057100000000000000e+04
1.232300000000000000e+04
1.395000000000000000e+04
1.359100000000000000e+04
1.165500000000000000e+04
9.168000000000000000e+03
1.448600000000000000e+04
1.899100000000000000e+04
1.394700000000000000e+04
9.247000000000000000e+03
1.010400000000000000e+04
1.489400000000000000e+04
8.726000000000000000e+03
1.413800000000000000e+04
1.257700000000000000e+04
1.002000000000000000e+04
1.227600000000000000e+04
1.447300000000000000e+04
1.014200000000000000e+04
1.519000000000000000e+04
1.467300000000000000e+04
1.467300000000000000e+04
7.174000000000000000e+03
1.358600000000000000e+04
1.524500000000000000e+04
1.582000000000000000e+04
1.897700000000000000e+04
1.079200000000000000e+04
1.142500000000000000e+04
1.657900000000000000e+04
2.181100000000000000e+04
1.229200000000000000e+04
1.974300000000000000e+04
8.663000000000000000e+03
1.520600000000000000e+04
1.176900000000000000e+04
9.119000000000000000e+03
1.438400000000000000e+04
1.096000000000000000e+04
5.665000000000000000e+03
1.363300000000000000e+04
1.056800000000000000e+04
1.613000000000000000e+04
1.215700000000000000e+04
1.178600000000000000e+04
1.772900000000000000e+04
1.245600000000000000e+04
6.372000000000000000e+03
1.528400000000000000e+04
1.053700000000000000e+04
1.071600000000000000e+04
1.322100000000000000e+04
1.288800000000000000e+04
1.164100000000000000e+04
9.145000000000000000e+03
9.084000000000000000e+03
8.852000000000000000e+03
1.533500000000000000e+04
1.069700000000000000e+04
1.330600000000000000e+04
1.139100000000000000e+04
1.946000000000000000e+04
9.230000000000000000e+03
1.012400000000000000e+04
1.174500000000000000e+04
8.337000000000000000e+03
1.256800000000000000e+04
1.455000000000000000e+04
1.456300000000000000e+04
1.246000000000000000e+04
1.174000000000000000e+04
1.534400000000000000e+04
1.659600000000000000e+04
1.833500000000000000e+04
1.225900000000000000e+04
1.348300000000000000e+04
1.658800000000000000e+04
7.553000000000000000e+03
1.187400000000000000e+04
1.067400000000000000e+04
5.635000000000000000e+03
1.448300000000000000e+04
1.743100000000000000e+04
8.172000000000000000e+03
1.961300000000000000e+04
1.339400000000000000e+04
1.239900000000000000e+04
1.684500000000000000e+04
1.115000000000000000e+04
1.672400000000000000e+04
1.222300000000000000e+04
1.386800000000000000e+04
1.467700000000000000e+04
9.135000000000000000e+03
8.197000000000000000e+03
1.064400000000000000e+04
1.223600000000000000e+04
1.345300000000000000e+04
2.044800000000000000e+04
1.556800000000000000e+04
9.051000000000000000e+03
1.840100000000000000e+04
1.141900000000000000e+04
1.582500000000000000e+04
1.209200000000000000e+04
9.899000000000000000e+03
1.293100000000000000e+04
4.574000000000000000e+03
1.353300000000000000e+04
9.277000000000000000e+03
1.812100000000000000e+04
1.236700000000000000e+04
2.191300000000000000e+04
1.356300000000000000e+04
1.875500000000000000e+04
1.028200000000000000e+04
8.643000000000000000e+03
3.590000000000000000e+03
4.428000000000000000e+03
9.058000000000000000e+03
2.678100000000000000e+04
1.288700000000000000e+04
1.976800000000000000e+04
1.047400000000000000e+04
8.094000000000000000e+03
1.341600000000000000e+04
1.559600000000000000e+04
1.341100000000000000e+04
1.281700000000000000e+04
1.886300000000000000e+04
1.171600000000000000e+04
1.690200000000000000e+04
1.046300000000000000e+04
7.861000000000000000e+03
1.262800000000000000e+04
8.963000000000000000e+03
7.642000000000000000e+03
1.373000000000000000e+04
1.358000000000000000e+04
2.579500000000000000e+04
4.696000000000000000e+03
1.407600000000000000e+04
1.559200000000000000e+04
