3.777000000000000000e+03
6.687000000000000000e+03
8.239000000000000000e+03
8.681000000000000000e+03
1.059200000000000000e+04
1.105700000000000000e+04
1.119400000000000000e+04
1.372400000000000000e+04
1.441700000000000000e+04
1.553900000000000000e+04
1.594500000000000000e+04
1.737600000000000000e+04
1.993100000000000000e+04
2.408300000000000000e+04
2.529600000000000000e+04
2.574200000000000000e+04
2.620300000000000000e+04
3.182700000000000000e+04
4.221500000000000000e+04
4.651900000000000000e+04
4.964500000000000000e+04
5.111200000000000000e+04
5.431400000000000000e+04
6.341100000000000000e+04
6.379500000000000000e+04
6.496800000000000000e+04
6.521200000000000000e+04
7.079600000000000000e+04
7.367400000000000000e+04
7.491600000000000000e+04
7.570900000000000000e+04
7.691800000000000000e+04
7.720700000000000000e+04
7.767100000000000000e+04
8.195200000000000000e+04
8.438100000000000000e+04
8.483600000000000000e+04
8.594100000000000000e+04
8.754000000000000000e+04
9.020900000000000000e+04
9.167100000000000000e+04
9.428500000000000000e+04
9.837200000000000000e+04
9.996400000000000000e+04
1.021500000000000000e+05
1.042490000000000000e+05
1.051290000000000000e+05
1.058440000000000000e+05
1.087380000000000000e+05
1.095500000000000000e+05
1.135250000000000000e+05
1.164280000000000000e+05
1.208880000000000000e+05
1.220780000000000000e+05
1.279780000000000000e+05
1.288570000000000000e+05
1.312950000000000000e+05
1.327590000000000000e+05
1.332550000000000000e+05
1.362610000000000000e+05
1.367970000000000000e+05
1.378320000000000000e+05
1.383360000000000000e+05
1.431580000000000000e+05
1.445020000000000000e+05
1.449390000000000000e+05
1.461570000000000000e+05
1.507490000000000000e+05
1.513350000000000000e+05
1.542880000000000000e+05
1.610690000000000000e+05
1.611410000000000000e+05
1.611710000000000000e+05
1.614330000000000000e+05
1.662450000000000000e+05
1.663770000000000000e+05
1.679990000000000000e+05
1.706420000000000000e+05
1.706720000000000000e+05
1.736300000000000000e+05
1.738600000000000000e+05
1.739350000000000000e+05
1.748840000000000000e+05
1.814960000000000000e+05
1.871630000000000000e+05
1.872890000000000000e+05
1.882600000000000000e+05
1.893660000000000000e+05
1.908310000000000000e+05
1.918830000000000000e+05
1.939640000000000000e+05
2.013610000000000000e+05
2.018070000000000000e+05
2.058250000000000000e+05
2.058910000000000000e+05
2.060190000000000000e+05
2.180050000000000000e+05
2.190810000000000000e+05
2.197480000000000000e+05
2.210580000000000000e+05
2.237400000000000000e+05
2.260050000000000000e+05
2.302860000000000000e+05
2.336200000000000000e+05
2.371070000000000000e+05
2.387400000000000000e+05
2.408690000000000000e+05
2.409210000000000000e+05
2.418880000000000000e+05
2.431240000000000000e+05
2.438090000000000000e+05
2.443470000000000000e+05
2.459030000000000000e+05
2.485140000000000000e+05
2.487710000000000000e+05
2.496990000000000000e+05
2.505680000000000000e+05
2.516360000000000000e+05
2.547630000000000000e+05
2.583920000000000000e+05
2.639780000000000000e+05
2.653840000000000000e+05
2.664990000000000000e+05
2.666020000000000000e+05
2.687090000000000000e+05
2.770490000000000000e+05
2.772690000000000000e+05
2.783320000000000000e+05
2.783620000000000000e+05
2.788460000000000000e+05
2.848310000000000000e+05
2.854010000000000000e+05
2.862100000000000000e+05
2.863270000000000000e+05
2.920040000000000000e+05
2.944560000000000000e+05
2.964090000000000000e+05
2.997850000000000000e+05
2.999710000000000000e+05
3.010290000000000000e+05
3.014940000000000000e+05
3.021410000000000000e+05
3.023340000000000000e+05
3.028620000000000000e+05
3.054890000000000000e+05
3.076410000000000000e+05
3.108410000000000000e+05
3.123970000000000000e+05
3.127240000000000000e+05
3.159790000000000000e+05
3.168910000000000000e+05
3.176570000000000000e+05
3.249880000000000000e+05
3.251170000000000000e+05
3.290710000000000000e+05
3.303380000000000000e+05
3.331480000000000000e+05
3.333620000000000000e+05
3.341970000000000000e+05
3.344450000000000000e+05
3.352880000000000000e+05
3.358920000000000000e+05
3.360170000000000000e+05
3.377880000000000000e+05
3.386840000000000000e+05
3.430590000000000000e+05
3.476760000000000000e+05
3.495100000000000000e+05
3.506900000000000000e+05
3.508610000000000000e+05
3.514090000000000000e+05
3.515630000000000000e+05
3.519070000000000000e+05
3.569210000000000000e+05
3.571790000000000000e+05
3.598790000000000000e+05
3.636750000000000000e+05
3.664030000000000000e+05
3.690150000000000000e+05
3.711950000000000000e+05
3.808440000000000000e+05
3.843980000000000000e+05
3.864190000000000000e+05
3.896340000000000000e+05
3.927800000000000000e+05
3.932420000000000000e+05
3.968700000000000000e+05
4.030760000000000000e+05
4.045130000000000000e+05
4.059370000000000000e+05
4.112190000000000000e+05
4.136440000000000000e+05
4.144570000000000000e+05
4.178630000000000000e+05
4.259430000000000000e+05
4.285530000000000000e+05
4.299030000000000000e+05
4.300040000000000000e+05
4.305790000000000000e+05
4.316140000000000000e+05
4.340700000000000000e+05
4.344950000000000000e+05
4.414020000000000000e+05
4.414190000000000000e+05
4.424180000000000000e+05
4.500600000000000000e+05
4.508720000000000000e+05
4.516120000000000000e+05
4.518820000000000000e+05
4.546820000000000000e+05
4.558460000000000000e+05
4.563810000000000000e+05
4.636660000000000000e+05
4.643360000000000000e+05
4.654010000000000000e+05
4.662510000000000000e+05
4.665710000000000000e+05
4.674880000000000000e+05
4.698740000000000000e+05
4.712990000000000000e+05
4.714310000000000000e+05
4.764660000000000000e+05
4.764800000000000000e+05
4.775890000000000000e+05
4.857970000000000000e+05
4.861140000000000000e+05
4.865250000000000000e+05
4.911630000000000000e+05
4.926090000000000000e+05
4.927920000000000000e+05
4.961740000000000000e+05
4.968880000000000000e+05
4.989090000000000000e+05
4.990260000000000000e+05
5.012990000000000000e+05
5.013000000000000000e+05
5.016310000000000000e+05
5.018850000000000000e+05
5.020080000000000000e+05
5.052870000000000000e+05
5.079540000000000000e+05
5.087590000000000000e+05
5.105430000000000000e+05
5.123950000000000000e+05
5.149860000000000000e+05
5.240580000000000000e+05
5.371980000000000000e+05
5.412070000000000000e+05
5.489600000000000000e+05
5.498750000000000000e+05
5.506380000000000000e+05
5.512000000000000000e+05
5.523680000000000000e+05
5.558190000000000000e+05
5.585710000000000000e+05
5.590350000000000000e+05
5.592890000000000000e+05
5.595860000000000000e+05
5.625430000000000000e+05
5.640590000000000000e+05
5.643710000000000000e+05
5.645110000000000000e+05
5.651310000000000000e+05
5.665220000000000000e+05
5.674160000000000000e+05
5.685090000000000000e+05
5.731530000000000000e+05
5.754290000000000000e+05
5.761990000000000000e+05
5.825620000000000000e+05
5.827620000000000000e+05
5.841110000000000000e+05
5.857420000000000000e+05
5.947200000000000000e+05
5.953700000000000000e+05
5.974870000000000000e+05
6.004770000000000000e+05
6.013770000000000000e+05
6.015710000000000000e+05
6.030790000000000000e+05
6.059670000000000000e+05
6.103580000000000000e+05
6.123720000000000000e+05
6.163220000000000000e+05
6.188930000000000000e+05
6.277830000000000000e+05
6.278950000000000000e+05
6.340980000000000000e+05
6.345450000000000000e+05
6.364750000000000000e+05
6.370480000000000000e+05
6.397150000000000000e+05
6.431440000000000000e+05
6.447520000000000000e+05
6.455770000000000000e+05
6.462150000000000000e+05
6.468880000000000000e+05
6.469680000000000000e+05
6.492560000000000000e+05
6.520620000000000000e+05
6.538580000000000000e+05
6.542090000000000000e+05
6.566330000000000000e+05
6.586910000000000000e+05
6.594150000000000000e+05
6.600170000000000000e+05
6.621520000000000000e+05
6.635330000000000000e+05
6.658700000000000000e+05
6.679700000000000000e+05
6.684780000000000000e+05
6.702340000000000000e+05
6.703640000000000000e+05
6.708190000000000000e+05
6.725070000000000000e+05
6.727090000000000000e+05
6.741350000000000000e+05
6.811770000000000000e+05
6.844230000000000000e+05
6.868280000000000000e+05
6.899500000000000000e+05
6.902580000000000000e+05
6.918550000000000000e+05
6.937560000000000000e+05
6.954490000000000000e+05
6.996600000000000000e+05
7.070390000000000000e+05
7.075230000000000000e+05
7.120640000000000000e+05
7.122440000000000000e+05
7.221720000000000000e+05
7.267220000000000000e+05
7.269700000000000000e+05
7.276010000000000000e+05
7.309500000000000000e+05
7.310440000000000000e+05
7.367840000000000000e+05
7.391760000000000000e+05
7.403310000000000000e+05
7.413780000000000000e+05
7.422540000000000000e+05
7.426760000000000000e+05
7.431010000000000000e+05
7.481920000000000000e+05
7.538100000000000000e+05
7.546770000000000000e+05
7.557520000000000000e+05
7.572580000000000000e+05
7.644850000000000000e+05
7.650460000000000000e+05
7.653020000000000000e+05
7.707420000000000000e+05
7.757790000000000000e+05
7.763610000000000000e+05
7.769200000000000000e+05
7.810970000000000000e+05
7.818250000000000000e+05
7.823950000000000000e+05
7.857590000000000000e+05
7.901090000000000000e+05
7.910170000000000000e+05
7.919070000000000000e+05
7.927960000000000000e+05
7.940810000000000000e+05
7.945420000000000000e+05
7.954570000000000000e+05
7.957880000000000000e+05
7.998330000000000000e+05
8.036380000000000000e+05
8.091700000000000000e+05
8.122510000000000000e+05
8.133250000000000000e+05
8.142940000000000000e+05
8.162500000000000000e+05
8.171390000000000000e+05
8.194410000000000000e+05
8.211840000000000000e+05
8.215990000000000000e+05
8.223100000000000000e+05
8.245340000000000000e+05
8.258710000000000000e+05
8.266690000000000000e+05
8.268320000000000000e+05
8.321390000000000000e+05
8.333830000000000000e+05
8.339800000000000000e+05
8.378940000000000000e+05
8.385420000000000000e+05
8.387750000000000000e+05
8.388070000000000000e+05
8.395200000000000000e+05
8.395650000000000000e+05
8.437730000000000000e+05
8.438800000000000000e+05
8.449250000000000000e+05
8.465910000000000000e+05
8.489920000000000000e+05
8.510850000000000000e+05
8.557370000000000000e+05
8.604780000000000000e+05
8.605630000000000000e+05
8.637860000000000000e+05
8.643190000000000000e+05
8.681590000000000000e+05
8.700790000000000000e+05
8.722000000000000000e+05
8.763260000000000000e+05
8.841600000000000000e+05
8.851850000000000000e+05
8.861270000000000000e+05
8.914820000000000000e+05
8.918080000000000000e+05
8.927030000000000000e+05
8.928880000000000000e+05
8.935930000000000000e+05
8.989570000000000000e+05
9.002730000000000000e+05
9.003290000000000000e+05
9.017910000000000000e+05
9.023610000000000000e+05
9.063270000000000000e+05
9.070860000000000000e+05
9.099000000000000000e+05
9.126040000000000000e+05
9.128830000000000000e+05
9.132330000000000000e+05
9.166880000000000000e+05
9.177780000000000000e+05
9.198530000000000000e+05
9.245890000000000000e+05
9.249210000000000000e+05
9.322820000000000000e+05
9.324570000000000000e+05
9.333080000000000000e+05
9.340370000000000000e+05
9.346030000000000000e+05
9.359810000000000000e+05
9.391260000000000000e+05
9.414700000000000000e+05
9.450490000000000000e+05
9.458060000000000000e+05
9.478410000000000000e+05
9.501250000000000000e+05
9.504480000000000000e+05
9.511200000000000000e+05
9.541700000000000000e+05
9.577700000000000000e+05
9.586450000000000000e+05
9.622400000000000000e+05
9.622840000000000000e+05
9.660430000000000000e+05
9.660890000000000000e+05
9.708950000000000000e+05
9.776650000000000000e+05
9.788180000000000000e+05
9.793300000000000000e+05
9.794260000000000000e+05
9.826310000000000000e+05
9.860090000000000000e+05
9.873510000000000000e+05
9.898160000000000000e+05
9.953620000000000000e+05
9.969710000000000000e+05
9.994450000000000000e+05
1.001501000000000000e+06
1.002671000000000000e+06
1.006216000000000000e+06
1.006268000000000000e+06
1.007232000000000000e+06
1.009652000000000000e+06
1.010349000000000000e+06
1.010458000000000000e+06
1.013212000000000000e+06
1.013569000000000000e+06
1.015674000000000000e+06
1.017535000000000000e+06
1.018758000000000000e+06
1.018952000000000000e+06
1.021118000000000000e+06
1.021865000000000000e+06
1.022118000000000000e+06
1.023919000000000000e+06
1.025957000000000000e+06
1.026653000000000000e+06
1.026769000000000000e+06
1.032336000000000000e+06
1.033163000000000000e+06
1.037426000000000000e+06
1.038783000000000000e+06
1.040955000000000000e+06
1.042781000000000000e+06
1.043689000000000000e+06
1.047656000000000000e+06
1.047999000000000000e+06
1.049527000000000000e+06
1.053947000000000000e+06
1.057034000000000000e+06
1.064495000000000000e+06
1.067477000000000000e+06
1.075727000000000000e+06
1.077632000000000000e+06
1.077736000000000000e+06
1.079325000000000000e+06
1.081732000000000000e+06
1.082534000000000000e+06
1.083029000000000000e+06
1.083411000000000000e+06
1.083452000000000000e+06
1.085491000000000000e+06
1.086244000000000000e+06
1.090673000000000000e+06
1.091459000000000000e+06
1.092210000000000000e+06
1.095087000000000000e+06
1.097435000000000000e+06
1.098917000000000000e+06
1.100562000000000000e+06
1.103890000000000000e+06
1.106350000000000000e+06
1.106948000000000000e+06
1.110101000000000000e+06
1.110167000000000000e+06
1.111757000000000000e+06
1.115305000000000000e+06
1.117717000000000000e+06
1.118532000000000000e+06
1.120690000000000000e+06
1.123580000000000000e+06
1.125807000000000000e+06
1.128462000000000000e+06
1.128863000000000000e+06
1.132048000000000000e+06
1.132115000000000000e+06
1.132410000000000000e+06
1.133358000000000000e+06
1.136601000000000000e+06
1.138117000000000000e+06
1.138931000000000000e+06
1.142703000000000000e+06
1.143499000000000000e+06
1.143721000000000000e+06
1.144040000000000000e+06
1.147065000000000000e+06
1.147758000000000000e+06
1.148910000000000000e+06
1.150313000000000000e+06
1.151153000000000000e+06
1.151490000000000000e+06
1.154699000000000000e+06
1.158273000000000000e+06
1.160399000000000000e+06
1.161810000000000000e+06
1.166259000000000000e+06
1.168276000000000000e+06
1.168450000000000000e+06
1.169997000000000000e+06
1.172020000000000000e+06
1.172996000000000000e+06
1.176901000000000000e+06
1.178086000000000000e+06
1.181989000000000000e+06
1.183418000000000000e+06
1.185326000000000000e+06
1.194264000000000000e+06
1.196832000000000000e+06
1.198593000000000000e+06
1.202327000000000000e+06
1.202514000000000000e+06
1.203047000000000000e+06
1.203283000000000000e+06
1.204175000000000000e+06
1.205595000000000000e+06
1.206232000000000000e+06
1.207444000000000000e+06
1.209153000000000000e+06
1.211096000000000000e+06
1.211973000000000000e+06
1.212779000000000000e+06
1.213246000000000000e+06
1.214715000000000000e+06
1.215589000000000000e+06
1.219000000000000000e+06
1.220016000000000000e+06
1.220223000000000000e+06
1.228131000000000000e+06
1.228644000000000000e+06
1.229113000000000000e+06
1.232065000000000000e+06
1.233270000000000000e+06
1.233278000000000000e+06
1.235316000000000000e+06
1.236897000000000000e+06
1.240719000000000000e+06
1.241899000000000000e+06
1.242200000000000000e+06
1.244731000000000000e+06
1.244872000000000000e+06
1.248613000000000000e+06
1.250282000000000000e+06
1.250782000000000000e+06
1.252171000000000000e+06
1.254224000000000000e+06
1.258664000000000000e+06
1.262984000000000000e+06
1.263716000000000000e+06
1.264037000000000000e+06
1.265747000000000000e+06
1.266535000000000000e+06
1.268637000000000000e+06
1.268654000000000000e+06
1.272911000000000000e+06
1.274056000000000000e+06
1.275258000000000000e+06
1.275728000000000000e+06
1.276292000000000000e+06
1.277751000000000000e+06
1.278476000000000000e+06
1.279282000000000000e+06
1.279673000000000000e+06
1.285570000000000000e+06
1.288846000000000000e+06
1.292907000000000000e+06
1.292985000000000000e+06
1.293895000000000000e+06
1.294078000000000000e+06
1.295632000000000000e+06
1.299425000000000000e+06
1.302719000000000000e+06
1.304557000000000000e+06
1.305475000000000000e+06
1.317951000000000000e+06
1.318674000000000000e+06
1.319794000000000000e+06
1.323627000000000000e+06
1.327617000000000000e+06
1.329956000000000000e+06
1.330759000000000000e+06
1.332556000000000000e+06
1.336315000000000000e+06
1.338268000000000000e+06
1.338732000000000000e+06
1.339255000000000000e+06
1.340747000000000000e+06
1.345067000000000000e+06
1.346017000000000000e+06
1.346575000000000000e+06
1.347223000000000000e+06
1.347349000000000000e+06
1.347921000000000000e+06
1.348165000000000000e+06
1.350543000000000000e+06
1.353111000000000000e+06
1.353250000000000000e+06
1.354777000000000000e+06
1.356266000000000000e+06
1.357475000000000000e+06
1.359469000000000000e+06
1.361393000000000000e+06
1.364417000000000000e+06
1.365199000000000000e+06
1.366425000000000000e+06
1.369410000000000000e+06
1.370258000000000000e+06
1.370786000000000000e+06
1.377157000000000000e+06
1.377723000000000000e+06
1.378178000000000000e+06
1.378482000000000000e+06
1.379180000000000000e+06
1.382928000000000000e+06
1.383563000000000000e+06
1.387172000000000000e+06
1.388431000000000000e+06
1.390061000000000000e+06
1.392389000000000000e+06
1.394252000000000000e+06
1.394406000000000000e+06
1.399703000000000000e+06
1.406788000000000000e+06
1.407247000000000000e+06
1.409103000000000000e+06
1.415823000000000000e+06
1.419703000000000000e+06
1.422645000000000000e+06
1.425242000000000000e+06
1.425865000000000000e+06
1.429143000000000000e+06
1.430652000000000000e+06
1.431963000000000000e+06
1.433171000000000000e+06
1.434331000000000000e+06
1.435550000000000000e+06
1.437260000000000000e+06
1.437863000000000000e+06
1.438328000000000000e+06
1.438770000000000000e+06
1.439890000000000000e+06
1.440450000000000000e+06
1.441937000000000000e+06
1.445223000000000000e+06
1.445916000000000000e+06
1.448734000000000000e+06
1.449327000000000000e+06
1.451150000000000000e+06
1.452062000000000000e+06
1.454941000000000000e+06
1.455241000000000000e+06
1.456754000000000000e+06
1.458755000000000000e+06
1.460394000000000000e+06
1.461070000000000000e+06
1.461088000000000000e+06
1.462298000000000000e+06
1.462708000000000000e+06
1.462900000000000000e+06
1.470038000000000000e+06
1.471808000000000000e+06
1.472693000000000000e+06
1.473049000000000000e+06
1.476186000000000000e+06
1.476743000000000000e+06
1.479348000000000000e+06
1.479951000000000000e+06
1.480566000000000000e+06
1.481700000000000000e+06
1.481773000000000000e+06
1.482063000000000000e+06
1.482672000000000000e+06
1.485590000000000000e+06
1.486210000000000000e+06
1.487778000000000000e+06
1.488300000000000000e+06
1.489816000000000000e+06
1.490370000000000000e+06
1.490864000000000000e+06
1.491618000000000000e+06
1.491883000000000000e+06
1.493270000000000000e+06
1.495520000000000000e+06
1.495685000000000000e+06
1.496828000000000000e+06
1.499620000000000000e+06
1.499785000000000000e+06
1.500425000000000000e+06
1.500703000000000000e+06
1.504213000000000000e+06
1.507078000000000000e+06
1.509719000000000000e+06
1.510894000000000000e+06
1.511815000000000000e+06
1.514624000000000000e+06
1.514793000000000000e+06
1.517028000000000000e+06
1.518288000000000000e+06
1.519106000000000000e+06
1.520917000000000000e+06
1.520980000000000000e+06
1.521134000000000000e+06
1.521282000000000000e+06
1.521352000000000000e+06
1.522441000000000000e+06
1.523492000000000000e+06
1.524495000000000000e+06
1.533353000000000000e+06
1.533416000000000000e+06
1.533970000000000000e+06
1.535008000000000000e+06
1.535963000000000000e+06
1.538854000000000000e+06
1.539765000000000000e+06
1.540234000000000000e+06
1.540964000000000000e+06
1.544363000000000000e+06
1.545433000000000000e+06
1.546918000000000000e+06
1.547179000000000000e+06
1.547905000000000000e+06
1.548533000000000000e+06
1.549053000000000000e+06
1.549635000000000000e+06
1.557178000000000000e+06
1.558247000000000000e+06
1.558269000000000000e+06
1.560542000000000000e+06
1.562571000000000000e+06
1.568146000000000000e+06
1.568998000000000000e+06
1.570007000000000000e+06
1.570256000000000000e+06
1.575333000000000000e+06
1.578089000000000000e+06
1.581267000000000000e+06
1.589445000000000000e+06
1.590138000000000000e+06
1.591791000000000000e+06
1.592185000000000000e+06
1.592964000000000000e+06
1.593085000000000000e+06
1.593412000000000000e+06
1.593526000000000000e+06
1.596234000000000000e+06
1.601455000000000000e+06
1.601867000000000000e+06
1.602423000000000000e+06
1.603145000000000000e+06
1.604717000000000000e+06
1.605025000000000000e+06
1.606854000000000000e+06
1.607293000000000000e+06
1.607712000000000000e+06
1.610141000000000000e+06
1.611640000000000000e+06
1.614934000000000000e+06
1.617543000000000000e+06
1.617742000000000000e+06
1.617788000000000000e+06
1.620710000000000000e+06
1.623345000000000000e+06
1.624745000000000000e+06
1.624936000000000000e+06
1.624954000000000000e+06
1.631525000000000000e+06
1.631657000000000000e+06
1.631913000000000000e+06
1.632925000000000000e+06
1.637029000000000000e+06
1.639121000000000000e+06
1.640068000000000000e+06
1.640786000000000000e+06
1.643410000000000000e+06
1.645277000000000000e+06
1.647424000000000000e+06
1.649277000000000000e+06
1.650561000000000000e+06
1.651421000000000000e+06
1.653256000000000000e+06
1.656553000000000000e+06
1.664375000000000000e+06
1.665037000000000000e+06
1.666756000000000000e+06
1.667411000000000000e+06
1.668441000000000000e+06
1.671914000000000000e+06
1.674324000000000000e+06
1.675116000000000000e+06
1.675825000000000000e+06
1.676149000000000000e+06
1.679126000000000000e+06
1.683450000000000000e+06
1.684612000000000000e+06
1.685342000000000000e+06
1.691371000000000000e+06
1.692433000000000000e+06
1.692741000000000000e+06
1.692837000000000000e+06
1.693088000000000000e+06
1.693562000000000000e+06
1.693596000000000000e+06
1.693812000000000000e+06
1.697955000000000000e+06
1.698201000000000000e+06
1.699626000000000000e+06
1.699829000000000000e+06
1.700107000000000000e+06
1.705629000000000000e+06
1.708130000000000000e+06
1.715049000000000000e+06
1.720816000000000000e+06
1.721632000000000000e+06
1.724772000000000000e+06
1.726062000000000000e+06
1.726829000000000000e+06
1.727731000000000000e+06
1.730821000000000000e+06
1.730910000000000000e+06
1.732293000000000000e+06
1.732329000000000000e+06
1.732336000000000000e+06
1.735402000000000000e+06
1.740068000000000000e+06
1.740582000000000000e+06
1.742251000000000000e+06
1.742332000000000000e+06
1.743511000000000000e+06
1.744900000000000000e+06
1.745217000000000000e+06
1.751841000000000000e+06
1.756886000000000000e+06
1.757288000000000000e+06
1.757645000000000000e+06
1.758493000000000000e+06
1.760974000000000000e+06
1.761588000000000000e+06
1.761854000000000000e+06
1.764799000000000000e+06
1.765318000000000000e+06
1.765365000000000000e+06
1.768102000000000000e+06
1.771286000000000000e+06
1.771337000000000000e+06
1.774105000000000000e+06
1.776943000000000000e+06
1.783718000000000000e+06
1.783820000000000000e+06
1.784021000000000000e+06
1.787998000000000000e+06
1.794154000000000000e+06
1.800111000000000000e+06
1.800203000000000000e+06
1.801681000000000000e+06
1.802246000000000000e+06
1.803230000000000000e+06
1.804827000000000000e+06
1.805265000000000000e+06
1.808873000000000000e+06
1.809825000000000000e+06
1.810241000000000000e+06
1.813350000000000000e+06
1.813706000000000000e+06
1.816649000000000000e+06
1.816947000000000000e+06
1.817484000000000000e+06
1.820024000000000000e+06
1.820338000000000000e+06
1.822052000000000000e+06
1.823841000000000000e+06
1.825489000000000000e+06
1.829299000000000000e+06
1.831611000000000000e+06
1.831829000000000000e+06
1.832265000000000000e+06
1.833634000000000000e+06
1.834462000000000000e+06
1.838101000000000000e+06
1.838998000000000000e+06
1.839443000000000000e+06
1.842949000000000000e+06
1.844267000000000000e+06
1.845511000000000000e+06
1.851070000000000000e+06
1.851541000000000000e+06
1.852350000000000000e+06
1.853255000000000000e+06
1.854681000000000000e+06
1.855763000000000000e+06
1.856450000000000000e+06
1.857024000000000000e+06
1.862374000000000000e+06
1.864777000000000000e+06
1.864954000000000000e+06
1.864983000000000000e+06
1.865563000000000000e+06
1.869463000000000000e+06
1.869878000000000000e+06
1.869934000000000000e+06
1.874948000000000000e+06
1.876121000000000000e+06
1.877208000000000000e+06
1.878215000000000000e+06
1.881415000000000000e+06
1.882439000000000000e+06
1.885548000000000000e+06
1.887643000000000000e+06
1.887762000000000000e+06
1.889989000000000000e+06
1.890113000000000000e+06
1.891079000000000000e+06
1.894209000000000000e+06
1.895074000000000000e+06
1.895609000000000000e+06
1.896637000000000000e+06
1.897923000000000000e+06
1.898725000000000000e+06
1.898932000000000000e+06
1.903679000000000000e+06
1.907236000000000000e+06
1.908252000000000000e+06
1.911341000000000000e+06
1.913052000000000000e+06
1.913814000000000000e+06
1.916124000000000000e+06
1.923103000000000000e+06
1.924118000000000000e+06
1.924636000000000000e+06
1.925603000000000000e+06
1.925666000000000000e+06
1.925715000000000000e+06
1.925988000000000000e+06
1.926446000000000000e+06
1.930231000000000000e+06
1.930443000000000000e+06
1.931803000000000000e+06
1.932215000000000000e+06
1.932622000000000000e+06
1.932868000000000000e+06
1.939026000000000000e+06
1.940847000000000000e+06
1.941219000000000000e+06
1.942751000000000000e+06
1.946887000000000000e+06
1.947225000000000000e+06
1.951259000000000000e+06
1.951678000000000000e+06
