2.231000000000000000e+03
2.406000000000000000e+03
2.472000000000000000e+03
2.656000000000000000e+03
3.204000000000000000e+03
9.547000000000000000e+03
1.131100000000000000e+04
1.278400000000000000e+04
1.575600000000000000e+04
1.971900000000000000e+04
2.008200000000000000e+04
2.191500000000000000e+04
2.204600000000000000e+04
2.507200000000000000e+04
3.106600000000000000e+04
3.142800000000000000e+04
3.229400000000000000e+04
3.251900000000000000e+04
3.636300000000000000e+04
3.740500000000000000e+04
3.882900000000000000e+04
4.009700000000000000e+04
4.471300000000000000e+04
4.808500000000000000e+04
5.275300000000000000e+04
5.482300000000000000e+04
5.549700000000000000e+04
5.709000000000000000e+04
5.883300000000000000e+04
6.136000000000000000e+04
6.224400000000000000e+04
6.579200000000000000e+04
6.929000000000000000e+04
6.940700000000000000e+04
7.124000000000000000e+04
7.533000000000000000e+04
7.723100000000000000e+04
7.833500000000000000e+04
8.363800000000000000e+04
8.533200000000000000e+04
8.614000000000000000e+04
8.965000000000000000e+04
9.572300000000000000e+04
9.738500000000000000e+04
9.838800000000000000e+04
1.040750000000000000e+05
1.043210000000000000e+05
1.079530000000000000e+05
1.097890000000000000e+05
1.142730000000000000e+05
1.171200000000000000e+05
1.206310000000000000e+05
1.219390000000000000e+05
1.237930000000000000e+05
1.274950000000000000e+05
1.281670000000000000e+05
1.281890000000000000e+05
1.321230000000000000e+05
1.330180000000000000e+05
1.330980000000000000e+05
1.350550000000000000e+05
1.352550000000000000e+05
1.352690000000000000e+05
1.389900000000000000e+05
1.402480000000000000e+05
1.420000000000000000e+05
1.497630000000000000e+05
1.503870000000000000e+05
1.508670000000000000e+05
1.514970000000000000e+05
1.534620000000000000e+05
1.543180000000000000e+05
1.560990000000000000e+05
1.566670000000000000e+05
1.634660000000000000e+05
1.720260000000000000e+05
1.731390000000000000e+05
1.756150000000000000e+05
1.774380000000000000e+05
1.776860000000000000e+05
1.787450000000000000e+05
1.801310000000000000e+05
1.813320000000000000e+05
1.831830000000000000e+05
1.857930000000000000e+05
1.919250000000000000e+05
1.967990000000000000e+05
1.978640000000000000e+05
1.985680000000000000e+05
2.016640000000000000e+05
2.026010000000000000e+05
2.053180000000000000e+05
2.064830000000000000e+05
2.068820000000000000e+05
2.102740000000000000e+05
2.109390000000000000e+05
2.110870000000000000e+05
2.135560000000000000e+05
2.142370000000000000e+05
2.156940000000000000e+05
2.164540000000000000e+05
2.169500000000000000e+05
2.171870000000000000e+05
2.183300000000000000e+05
2.215080000000000000e+05
2.251540000000000000e+05
2.257430000000000000e+05
2.257670000000000000e+05
2.404050000000000000e+05
2.414210000000000000e+05
2.430090000000000000e+05
2.478710000000000000e+05
2.482490000000000000e+05
2.486820000000000000e+05
2.489120000000000000e+05
2.499680000000000000e+05
2.506340000000000000e+05
2.515930000000000000e+05
2.531090000000000000e+05
2.537660000000000000e+05
2.563470000000000000e+05
2.599570000000000000e+05
2.607320000000000000e+05
2.610270000000000000e+05
2.620120000000000000e+05
2.644600000000000000e+05
2.702070000000000000e+05
2.716030000000000000e+05
2.718190000000000000e+05
2.761970000000000000e+05
2.816890000000000000e+05
2.829640000000000000e+05
2.869610000000000000e+05
2.875870000000000000e+05
3.007050000000000000e+05
3.019630000000000000e+05
3.071390000000000000e+05
3.074220000000000000e+05
3.076580000000000000e+05
3.081960000000000000e+05
3.098280000000000000e+05
3.100730000000000000e+05
3.115860000000000000e+05
3.117710000000000000e+05
3.131610000000000000e+05
3.132050000000000000e+05
3.140870000000000000e+05
3.171090000000000000e+05
3.205630000000000000e+05
3.218310000000000000e+05
3.299420000000000000e+05
3.308690000000000000e+05
3.339190000000000000e+05
3.349660000000000000e+05
3.390850000000000000e+05
3.403670000000000000e+05
3.430630000000000000e+05
3.454510000000000000e+05
3.459390000000000000e+05
3.499880000000000000e+05
3.508880000000000000e+05
3.512220000000000000e+05
3.526610000000000000e+05
3.527000000000000000e+05
3.531940000000000000e+05
3.558810000000000000e+05
3.565730000000000000e+05
3.569790000000000000e+05
3.579900000000000000e+05
3.622380000000000000e+05
3.671330000000000000e+05
3.719610000000000000e+05
3.722070000000000000e+05
3.724180000000000000e+05
3.760440000000000000e+05
3.767370000000000000e+05
3.793640000000000000e+05
3.803410000000000000e+05
3.839060000000000000e+05
3.857570000000000000e+05
3.865250000000000000e+05
3.906140000000000000e+05
3.917880000000000000e+05
3.926020000000000000e+05
3.987780000000000000e+05
4.001870000000000000e+05
4.010900000000000000e+05
4.034340000000000000e+05
4.039030000000000000e+05
4.069010000000000000e+05
4.131400000000000000e+05
4.136100000000000000e+05
4.136160000000000000e+05
4.148920000000000000e+05
4.164170000000000000e+05
4.176200000000000000e+05
4.177300000000000000e+05
4.182200000000000000e+05
4.235260000000000000e+05
4.248090000000000000e+05
4.273800000000000000e+05
4.277390000000000000e+05
4.299950000000000000e+05
4.309950000000000000e+05
4.339670000000000000e+05
4.361050000000000000e+05
4.385570000000000000e+05
4.435730000000000000e+05
4.454100000000000000e+05
4.502010000000000000e+05
4.527940000000000000e+05
4.534200000000000000e+05
4.536890000000000000e+05
4.597520000000000000e+05
4.614950000000000000e+05
4.626350000000000000e+05
4.629440000000000000e+05
4.633420000000000000e+05
4.661170000000000000e+05
4.694480000000000000e+05
4.762450000000000000e+05
4.766510000000000000e+05
4.781160000000000000e+05
4.788770000000000000e+05
4.813610000000000000e+05
4.819330000000000000e+05
4.836410000000000000e+05
4.838080000000000000e+05
4.855540000000000000e+05
4.861520000000000000e+05
4.867190000000000000e+05
4.870340000000000000e+05
4.878660000000000000e+05
4.878710000000000000e+05
4.882710000000000000e+05
4.894700000000000000e+05
4.927630000000000000e+05
4.964500000000000000e+05
4.971710000000000000e+05
5.005850000000000000e+05
5.057140000000000000e+05
5.068730000000000000e+05
5.076270000000000000e+05
5.094520000000000000e+05
5.102330000000000000e+05
5.129530000000000000e+05
5.166350000000000000e+05
5.197370000000000000e+05
5.220690000000000000e+05
5.259010000000000000e+05
5.259200000000000000e+05
5.259580000000000000e+05
5.330430000000000000e+05
5.386560000000000000e+05
5.390140000000000000e+05
5.411830000000000000e+05
5.419180000000000000e+05
5.442110000000000000e+05
5.454590000000000000e+05
5.467570000000000000e+05
5.490260000000000000e+05
5.495860000000000000e+05
5.518510000000000000e+05
5.548440000000000000e+05
5.563990000000000000e+05
5.577260000000000000e+05
5.598410000000000000e+05
5.599370000000000000e+05
5.627490000000000000e+05
5.627560000000000000e+05
5.638730000000000000e+05
5.655340000000000000e+05
5.674430000000000000e+05
5.683030000000000000e+05
5.710250000000000000e+05
5.712940000000000000e+05
5.716240000000000000e+05
5.719310000000000000e+05
5.725260000000000000e+05
5.765180000000000000e+05
5.788760000000000000e+05
5.813150000000000000e+05
5.821690000000000000e+05
5.837270000000000000e+05
5.855890000000000000e+05
5.887660000000000000e+05
5.888350000000000000e+05
5.913920000000000000e+05
5.932080000000000000e+05
5.938580000000000000e+05
5.943640000000000000e+05
5.957070000000000000e+05
5.961160000000000000e+05
5.990740000000000000e+05
6.025410000000000000e+05
6.055000000000000000e+05
6.068510000000000000e+05
6.076330000000000000e+05
6.084600000000000000e+05
6.104680000000000000e+05
6.120360000000000000e+05
6.130140000000000000e+05
6.164420000000000000e+05
6.181380000000000000e+05
6.208170000000000000e+05
6.247660000000000000e+05
6.301760000000000000e+05
6.314790000000000000e+05
6.324460000000000000e+05
6.353150000000000000e+05
6.429610000000000000e+05
6.440110000000000000e+05
6.466210000000000000e+05
6.466430000000000000e+05
6.487730000000000000e+05
6.508020000000000000e+05
6.513090000000000000e+05
6.533100000000000000e+05
6.608370000000000000e+05
6.624070000000000000e+05
6.641030000000000000e+05
6.655100000000000000e+05
6.764650000000000000e+05
6.787480000000000000e+05
6.792030000000000000e+05
6.793950000000000000e+05
6.812350000000000000e+05
6.822770000000000000e+05
6.841180000000000000e+05
6.843370000000000000e+05
6.853130000000000000e+05
6.862740000000000000e+05
6.866720000000000000e+05
6.908450000000000000e+05
6.915440000000000000e+05
6.966080000000000000e+05
7.032810000000000000e+05
7.037070000000000000e+05
7.042230000000000000e+05
7.049120000000000000e+05
7.055830000000000000e+05
7.074330000000000000e+05
7.080100000000000000e+05
7.083050000000000000e+05
7.118300000000000000e+05
7.132420000000000000e+05
7.134980000000000000e+05
7.137950000000000000e+05
7.153220000000000000e+05
7.248550000000000000e+05
7.297530000000000000e+05
7.323860000000000000e+05
7.333740000000000000e+05
7.356380000000000000e+05
7.356630000000000000e+05
7.360330000000000000e+05
7.361320000000000000e+05
7.387670000000000000e+05
7.388460000000000000e+05
7.394230000000000000e+05
7.421780000000000000e+05
7.424220000000000000e+05
7.431460000000000000e+05
7.489700000000000000e+05
7.489900000000000000e+05
7.528760000000000000e+05
7.529010000000000000e+05
7.545550000000000000e+05
7.561830000000000000e+05
7.597830000000000000e+05
7.605400000000000000e+05
7.675820000000000000e+05
7.681380000000000000e+05
7.709850000000000000e+05
7.740570000000000000e+05
7.760780000000000000e+05
7.769120000000000000e+05
7.793250000000000000e+05
7.804550000000000000e+05
7.827800000000000000e+05
7.850630000000000000e+05
7.873810000000000000e+05
7.890650000000000000e+05
7.893960000000000000e+05
7.899750000000000000e+05
7.916010000000000000e+05
7.927470000000000000e+05
8.045280000000000000e+05
8.058870000000000000e+05
8.061100000000000000e+05
8.078030000000000000e+05
8.118430000000000000e+05
8.152410000000000000e+05
8.162070000000000000e+05
8.180400000000000000e+05
8.213390000000000000e+05
8.217920000000000000e+05
8.263560000000000000e+05
8.268690000000000000e+05
8.277570000000000000e+05
8.280030000000000000e+05
8.293720000000000000e+05
8.303290000000000000e+05
8.319850000000000000e+05
8.333680000000000000e+05
8.366980000000000000e+05
8.380770000000000000e+05
8.402900000000000000e+05
8.442210000000000000e+05
8.466690000000000000e+05
8.469430000000000000e+05
8.486470000000000000e+05
8.527170000000000000e+05
8.530670000000000000e+05
8.531030000000000000e+05
8.533150000000000000e+05
8.545990000000000000e+05
8.553980000000000000e+05
8.569990000000000000e+05
8.570360000000000000e+05
8.577820000000000000e+05
8.586480000000000000e+05
8.594720000000000000e+05
8.596380000000000000e+05
8.612320000000000000e+05
8.621870000000000000e+05
8.629500000000000000e+05
8.653720000000000000e+05
8.673680000000000000e+05
8.728350000000000000e+05
8.742700000000000000e+05
8.765890000000000000e+05
8.784630000000000000e+05
8.789630000000000000e+05
8.803350000000000000e+05
8.818450000000000000e+05
8.819330000000000000e+05
8.827530000000000000e+05
8.831250000000000000e+05
8.838970000000000000e+05
8.904370000000000000e+05
8.911720000000000000e+05
8.917920000000000000e+05
8.921200000000000000e+05
8.925680000000000000e+05
8.933350000000000000e+05
8.940090000000000000e+05
8.944320000000000000e+05
8.971340000000000000e+05
8.996270000000000000e+05
8.999690000000000000e+05
9.000400000000000000e+05
9.040000000000000000e+05
9.087640000000000000e+05
9.122720000000000000e+05
9.141640000000000000e+05
9.175040000000000000e+05
9.176370000000000000e+05
9.212010000000000000e+05
9.238190000000000000e+05
9.282000000000000000e+05
9.288210000000000000e+05
9.291570000000000000e+05
9.296710000000000000e+05
9.311530000000000000e+05
9.352710000000000000e+05
9.353060000000000000e+05
9.409490000000000000e+05
9.448880000000000000e+05
9.474770000000000000e+05
9.511420000000000000e+05
9.513980000000000000e+05
9.518710000000000000e+05
9.557410000000000000e+05
9.570130000000000000e+05
9.577640000000000000e+05
9.580070000000000000e+05
9.597970000000000000e+05
9.605020000000000000e+05
9.639890000000000000e+05
9.694890000000000000e+05
9.719140000000000000e+05
9.723910000000000000e+05
9.803390000000000000e+05
9.804180000000000000e+05
9.829910000000000000e+05
9.838080000000000000e+05
9.845790000000000000e+05
9.857150000000000000e+05
9.875440000000000000e+05
9.879470000000000000e+05
9.887880000000000000e+05
9.895240000000000000e+05
9.914610000000000000e+05
9.963870000000000000e+05
9.964040000000000000e+05
9.981470000000000000e+05
1.002347000000000000e+06
1.004273000000000000e+06
1.005408000000000000e+06
1.009857000000000000e+06
1.013148000000000000e+06
1.013655000000000000e+06
1.017711000000000000e+06
1.017894000000000000e+06
1.018822000000000000e+06
1.019361000000000000e+06
1.023915000000000000e+06
1.026150000000000000e+06
1.032325000000000000e+06
1.033532000000000000e+06
1.036329000000000000e+06
1.036387000000000000e+06
1.037701000000000000e+06
1.041312000000000000e+06
1.041681000000000000e+06
1.043116000000000000e+06
1.044435000000000000e+06
1.044766000000000000e+06
1.045710000000000000e+06
1.046055000000000000e+06
1.047589000000000000e+06
1.048780000000000000e+06
1.052578000000000000e+06
1.053655000000000000e+06
1.055506000000000000e+06
1.056494000000000000e+06
1.057615000000000000e+06
1.058509000000000000e+06
1.060744000000000000e+06
1.065880000000000000e+06
1.071636000000000000e+06
1.071710000000000000e+06
1.073665000000000000e+06
1.074520000000000000e+06
1.074547000000000000e+06
1.074611000000000000e+06
1.075631000000000000e+06
1.076686000000000000e+06
1.077040000000000000e+06
1.081580000000000000e+06
1.082615000000000000e+06
1.085100000000000000e+06
1.085269000000000000e+06
1.087093000000000000e+06
1.093109000000000000e+06
1.095052000000000000e+06
1.099768000000000000e+06
1.106425000000000000e+06
1.107115000000000000e+06
1.107880000000000000e+06
1.109914000000000000e+06
1.110408000000000000e+06
1.113755000000000000e+06
1.115512000000000000e+06
1.116810000000000000e+06
1.117770000000000000e+06
1.120252000000000000e+06
1.120808000000000000e+06
1.120840000000000000e+06
1.122250000000000000e+06
1.123770000000000000e+06
1.125242000000000000e+06
1.129777000000000000e+06
1.132344000000000000e+06
1.134563000000000000e+06
1.136751000000000000e+06
1.136875000000000000e+06
1.137715000000000000e+06
1.137808000000000000e+06
1.142833000000000000e+06
1.143093000000000000e+06
1.145108000000000000e+06
1.146455000000000000e+06
1.148422000000000000e+06
1.148431000000000000e+06
1.149722000000000000e+06
1.153851000000000000e+06
1.154126000000000000e+06
1.155914000000000000e+06
1.158561000000000000e+06
1.159222000000000000e+06
1.159399000000000000e+06
1.161038000000000000e+06
1.163036000000000000e+06
1.163268000000000000e+06
1.166826000000000000e+06
1.167265000000000000e+06
1.172862000000000000e+06
1.173359000000000000e+06
1.174455000000000000e+06
1.178175000000000000e+06
1.180544000000000000e+06
1.181347000000000000e+06
1.181600000000000000e+06
1.181761000000000000e+06
1.183361000000000000e+06
1.184799000000000000e+06
1.184934000000000000e+06
1.185255000000000000e+06
1.187642000000000000e+06
1.189392000000000000e+06
1.190888000000000000e+06
1.201160000000000000e+06
1.205598000000000000e+06
1.208566000000000000e+06
1.212026000000000000e+06
1.213420000000000000e+06
1.214985000000000000e+06
1.215845000000000000e+06
1.217077000000000000e+06
1.221395000000000000e+06
1.222656000000000000e+06
1.224732000000000000e+06
1.227761000000000000e+06
1.229491000000000000e+06
1.229577000000000000e+06
1.230454000000000000e+06
1.231340000000000000e+06
1.231470000000000000e+06
1.234964000000000000e+06
1.236228000000000000e+06
1.236305000000000000e+06
1.237791000000000000e+06
1.243158000000000000e+06
1.244758000000000000e+06
1.247144000000000000e+06
1.248580000000000000e+06
1.250040000000000000e+06
1.250692000000000000e+06
1.251202000000000000e+06
1.251697000000000000e+06
1.252436000000000000e+06
1.256717000000000000e+06
1.260309000000000000e+06
1.260468000000000000e+06
1.261750000000000000e+06
1.261894000000000000e+06
1.262412000000000000e+06
1.263078000000000000e+06
1.263299000000000000e+06
1.264384000000000000e+06
1.270185000000000000e+06
1.270400000000000000e+06
1.272716000000000000e+06
1.275596000000000000e+06
1.276043000000000000e+06
1.281056000000000000e+06
1.283054000000000000e+06
1.283713000000000000e+06
1.293229000000000000e+06
1.293520000000000000e+06
1.296526000000000000e+06
1.297143000000000000e+06
1.297730000000000000e+06
1.298533000000000000e+06
1.298563000000000000e+06
1.299166000000000000e+06
1.300154000000000000e+06
1.300515000000000000e+06
1.302704000000000000e+06
1.303866000000000000e+06
1.310422000000000000e+06
1.313146000000000000e+06
1.314096000000000000e+06
1.316259000000000000e+06
1.318568000000000000e+06
1.320350000000000000e+06
1.325081000000000000e+06
1.327612000000000000e+06
1.329609000000000000e+06
1.334739000000000000e+06
1.341684000000000000e+06
1.344481000000000000e+06
1.346186000000000000e+06
1.348545000000000000e+06
1.348769000000000000e+06
1.348903000000000000e+06
1.350603000000000000e+06
1.351349000000000000e+06
1.352250000000000000e+06
1.354177000000000000e+06
1.354754000000000000e+06
1.361016000000000000e+06
1.361161000000000000e+06
1.361328000000000000e+06
1.366712000000000000e+06
1.366852000000000000e+06
1.368655000000000000e+06
1.369214000000000000e+06
1.373486000000000000e+06
1.373860000000000000e+06
1.375451000000000000e+06
1.376057000000000000e+06
1.378893000000000000e+06
1.380155000000000000e+06
1.387022000000000000e+06
1.388086000000000000e+06
1.388275000000000000e+06
1.392340000000000000e+06
1.394315000000000000e+06
1.396311000000000000e+06
1.396446000000000000e+06
1.396597000000000000e+06
1.397967000000000000e+06
1.398340000000000000e+06
1.398774000000000000e+06
1.399528000000000000e+06
1.402446000000000000e+06
1.403312000000000000e+06
1.403394000000000000e+06
1.405964000000000000e+06
1.409403000000000000e+06
1.417195000000000000e+06
1.418970000000000000e+06
1.419382000000000000e+06
1.419649000000000000e+06
1.422585000000000000e+06
1.422991000000000000e+06
1.424492000000000000e+06
1.425508000000000000e+06
1.429038000000000000e+06
1.429409000000000000e+06
1.430735000000000000e+06
1.430868000000000000e+06
1.431234000000000000e+06
1.432909000000000000e+06
1.437092000000000000e+06
1.439713000000000000e+06
1.441333000000000000e+06
1.441847000000000000e+06
1.442682000000000000e+06
1.443316000000000000e+06
1.444208000000000000e+06
1.446181000000000000e+06
1.447439000000000000e+06
1.451322000000000000e+06
1.451705000000000000e+06
1.452461000000000000e+06
1.452931000000000000e+06
1.459246000000000000e+06
1.460685000000000000e+06
1.460819000000000000e+06
1.464583000000000000e+06
1.464779000000000000e+06
1.465763000000000000e+06
1.469326000000000000e+06
1.471530000000000000e+06
1.471671000000000000e+06
1.472881000000000000e+06
1.474298000000000000e+06
1.474947000000000000e+06
1.480567000000000000e+06
1.485134000000000000e+06
1.485409000000000000e+06
1.485541000000000000e+06
1.486699000000000000e+06
1.488473000000000000e+06
1.490857000000000000e+06
1.491785000000000000e+06
1.493943000000000000e+06
1.494422000000000000e+06
1.497239000000000000e+06
1.498519000000000000e+06
1.498696000000000000e+06
1.502914000000000000e+06
1.503063000000000000e+06
1.504282000000000000e+06
1.506524000000000000e+06
1.510647000000000000e+06
1.510788000000000000e+06
1.514752000000000000e+06
1.514887000000000000e+06
1.526452000000000000e+06
1.526529000000000000e+06
1.526562000000000000e+06
1.527337000000000000e+06
1.532777000000000000e+06
1.533676000000000000e+06
1.534181000000000000e+06
1.539767000000000000e+06
1.541180000000000000e+06
1.542539000000000000e+06
1.546384000000000000e+06
1.547738000000000000e+06
1.549341000000000000e+06
1.550479000000000000e+06
1.550546000000000000e+06
1.551695000000000000e+06
1.554053000000000000e+06
1.555808000000000000e+06
1.556980000000000000e+06
1.560233000000000000e+06
1.561868000000000000e+06
1.563604000000000000e+06
1.567241000000000000e+06
1.567773000000000000e+06
1.568713000000000000e+06
1.568805000000000000e+06
1.568939000000000000e+06
1.569494000000000000e+06
1.570200000000000000e+06
1.570349000000000000e+06
1.572285000000000000e+06
1.580134000000000000e+06
1.582251000000000000e+06
1.583043000000000000e+06
1.586183000000000000e+06
1.586504000000000000e+06
1.588755000000000000e+06
1.588769000000000000e+06
1.590307000000000000e+06
1.590460000000000000e+06
1.594624000000000000e+06
1.594768000000000000e+06
1.595303000000000000e+06
1.595789000000000000e+06
1.602338000000000000e+06
1.603589000000000000e+06
1.609362000000000000e+06
1.609387000000000000e+06
1.609927000000000000e+06
1.610713000000000000e+06
1.614507000000000000e+06
1.616059000000000000e+06
1.619630000000000000e+06
1.620429000000000000e+06
1.620984000000000000e+06
1.624127000000000000e+06
1.628804000000000000e+06
1.635032000000000000e+06
1.638485000000000000e+06
1.639218000000000000e+06
1.641223000000000000e+06
1.642052000000000000e+06
1.649821000000000000e+06
1.650755000000000000e+06
1.651223000000000000e+06
1.652511000000000000e+06
1.653469000000000000e+06
1.661262000000000000e+06
1.661401000000000000e+06
1.661494000000000000e+06
1.663095000000000000e+06
1.664781000000000000e+06
1.665234000000000000e+06
1.666401000000000000e+06
1.667808000000000000e+06
1.668525000000000000e+06
1.669213000000000000e+06
1.670784000000000000e+06
1.674091000000000000e+06
1.679967000000000000e+06
1.680162000000000000e+06
1.680646000000000000e+06
1.680735000000000000e+06
1.683423000000000000e+06
1.683472000000000000e+06
1.685148000000000000e+06
1.687494000000000000e+06
1.687568000000000000e+06
1.689076000000000000e+06
1.690484000000000000e+06
1.691069000000000000e+06
1.693076000000000000e+06
1.694276000000000000e+06
1.695946000000000000e+06
1.696539000000000000e+06
1.696589000000000000e+06
1.696786000000000000e+06
1.698220000000000000e+06
1.698686000000000000e+06
1.700508000000000000e+06
1.701987000000000000e+06
1.704453000000000000e+06
1.704663000000000000e+06
1.705134000000000000e+06
1.705752000000000000e+06
1.705929000000000000e+06
1.706931000000000000e+06
1.707019000000000000e+06
1.708011000000000000e+06
1.708876000000000000e+06
1.712000000000000000e+06
1.712615000000000000e+06
1.714831000000000000e+06
1.716245000000000000e+06
1.716542000000000000e+06
1.716728000000000000e+06
1.723786000000000000e+06
1.723979000000000000e+06
1.731182000000000000e+06
1.736298000000000000e+06
1.739274000000000000e+06
1.741273000000000000e+06
1.747824000000000000e+06
1.749830000000000000e+06
1.750854000000000000e+06
1.751467000000000000e+06
1.755460000000000000e+06
1.764234000000000000e+06
1.765172000000000000e+06
1.768157000000000000e+06
1.768297000000000000e+06
1.770197000000000000e+06
1.777198000000000000e+06
1.778595000000000000e+06
1.779758000000000000e+06
1.780983000000000000e+06
1.782944000000000000e+06
1.784028000000000000e+06
1.786811000000000000e+06
1.788589000000000000e+06
1.792372000000000000e+06
1.794834000000000000e+06
1.795524000000000000e+06
1.796174000000000000e+06
1.797170000000000000e+06
1.797677000000000000e+06
1.799659000000000000e+06
1.805395000000000000e+06
1.808262000000000000e+06
1.808742000000000000e+06
1.808855000000000000e+06
1.809780000000000000e+06
1.814522000000000000e+06
1.816044000000000000e+06
1.821029000000000000e+06
1.821834000000000000e+06
1.823284000000000000e+06
1.826913000000000000e+06
1.827327000000000000e+06
1.831988000000000000e+06
1.834999000000000000e+06
1.842031000000000000e+06
1.847474000000000000e+06
1.847912000000000000e+06
1.849213000000000000e+06
1.849602000000000000e+06
1.850202000000000000e+06
1.852467000000000000e+06
1.853070000000000000e+06
1.854090000000000000e+06
1.855679000000000000e+06
1.855922000000000000e+06
1.858460000000000000e+06
1.859168000000000000e+06
1.859574000000000000e+06
1.862389000000000000e+06
1.866120000000000000e+06
1.867253000000000000e+06
1.868683000000000000e+06
1.869893000000000000e+06
1.869894000000000000e+06
1.873054000000000000e+06
1.874089000000000000e+06
1.874247000000000000e+06
1.874269000000000000e+06
1.876743000000000000e+06
1.880310000000000000e+06
1.880501000000000000e+06
1.884551000000000000e+06
1.888333000000000000e+06
1.888888000000000000e+06
1.890735000000000000e+06
1.892228000000000000e+06
1.894251000000000000e+06
1.894671000000000000e+06
1.895351000000000000e+06
1.896420000000000000e+06
1.896564000000000000e+06
1.901119000000000000e+06
1.901836000000000000e+06
1.902986000000000000e+06
1.904478000000000000e+06
1.905776000000000000e+06
1.908488000000000000e+06
1.909013000000000000e+06
1.910126000000000000e+06
1.911799000000000000e+06
1.913299000000000000e+06
1.915720000000000000e+06
1.916598000000000000e+06
1.920180000000000000e+06
1.921299000000000000e+06
1.922679000000000000e+06
1.925152000000000000e+06
1.926071000000000000e+06
1.926793000000000000e+06
1.927749000000000000e+06
1.927758000000000000e+06
1.927853000000000000e+06
1.928158000000000000e+06
1.929253000000000000e+06
1.932177000000000000e+06
1.932419000000000000e+06
1.933342000000000000e+06
1.935071000000000000e+06
1.939389000000000000e+06
1.939643000000000000e+06
1.945407000000000000e+06
1.948621000000000000e+06
1.950766000000000000e+06
