2.241000000000000000e+03
3.984000000000000000e+03
4.084000000000000000e+03
7.820000000000000000e+03
1.156400000000000000e+04
1.171900000000000000e+04
1.359900000000000000e+04
1.414100000000000000e+04
1.453100000000000000e+04
1.635200000000000000e+04
1.667100000000000000e+04
1.749900000000000000e+04
1.973900000000000000e+04
2.059000000000000000e+04
2.214800000000000000e+04
2.423900000000000000e+04
2.658500000000000000e+04
2.728000000000000000e+04
2.748400000000000000e+04
3.052600000000000000e+04
3.599900000000000000e+04
4.014300000000000000e+04
4.059700000000000000e+04
4.063800000000000000e+04
4.526000000000000000e+04
4.802500000000000000e+04
4.995500000000000000e+04
5.611400000000000000e+04
5.744300000000000000e+04
5.747300000000000000e+04
6.041500000000000000e+04
6.206000000000000000e+04
6.358100000000000000e+04
6.660900000000000000e+04
6.808600000000000000e+04
6.905300000000000000e+04
7.484300000000000000e+04
7.535900000000000000e+04
7.615900000000000000e+04
7.621700000000000000e+04
7.874600000000000000e+04
8.008500000000000000e+04
8.176900000000000000e+04
8.199100000000000000e+04
8.678200000000000000e+04
8.911800000000000000e+04
9.019000000000000000e+04
9.070000000000000000e+04
9.140800000000000000e+04
9.475800000000000000e+04
9.551100000000000000e+04
9.562000000000000000e+04
9.599900000000000000e+04
1.012410000000000000e+05
1.029160000000000000e+05
1.073970000000000000e+05
1.075080000000000000e+05
1.108490000000000000e+05
1.138680000000000000e+05
1.153270000000000000e+05
1.158360000000000000e+05
1.180350000000000000e+05
1.193170000000000000e+05
1.195170000000000000e+05
1.212820000000000000e+05
1.235090000000000000e+05
1.271930000000000000e+05
1.273450000000000000e+05
1.315160000000000000e+05
1.320480000000000000e+05
1.345150000000000000e+05
1.361440000000000000e+05
1.387970000000000000e+05
1.402970000000000000e+05
1.412770000000000000e+05
1.458280000000000000e+05
1.458500000000000000e+05
1.469740000000000000e+05
1.496510000000000000e+05
1.574270000000000000e+05
1.585400000000000000e+05
1.595740000000000000e+05
1.602080000000000000e+05
1.604730000000000000e+05
1.622320000000000000e+05
1.634850000000000000e+05
1.635100000000000000e+05
1.652010000000000000e+05
1.655650000000000000e+05
1.698690000000000000e+05
1.704060000000000000e+05
1.726830000000000000e+05
1.735790000000000000e+05
1.764630000000000000e+05
1.781670000000000000e+05
1.799410000000000000e+05
1.817420000000000000e+05
1.841240000000000000e+05
1.863330000000000000e+05
1.875440000000000000e+05
1.884750000000000000e+05
1.903280000000000000e+05
1.989470000000000000e+05
2.001680000000000000e+05
2.024940000000000000e+05
2.055420000000000000e+05
2.056670000000000000e+05
2.072770000000000000e+05
2.091680000000000000e+05
2.123350000000000000e+05
2.127200000000000000e+05
2.143870000000000000e+05
2.160260000000000000e+05
2.229760000000000000e+05
2.259500000000000000e+05
2.259500000000000000e+05
2.264680000000000000e+05
2.266540000000000000e+05
2.356850000000000000e+05
2.398990000000000000e+05
2.417750000000000000e+05
2.426190000000000000e+05
2.442010000000000000e+05
2.445170000000000000e+05
2.480930000000000000e+05
2.482310000000000000e+05
2.505390000000000000e+05
2.532630000000000000e+05
2.538820000000000000e+05
2.545120000000000000e+05
2.548120000000000000e+05
2.628100000000000000e+05
2.641720000000000000e+05
2.699850000000000000e+05
2.717930000000000000e+05
2.721430000000000000e+05
2.761530000000000000e+05
2.765170000000000000e+05
2.841400000000000000e+05
2.850950000000000000e+05
2.854940000000000000e+05
2.858880000000000000e+05
2.878850000000000000e+05
2.879280000000000000e+05
2.885860000000000000e+05
2.902820000000000000e+05
2.906520000000000000e+05
2.979780000000000000e+05
2.983200000000000000e+05
2.984410000000000000e+05
3.009580000000000000e+05
3.032540000000000000e+05
3.041330000000000000e+05
3.048250000000000000e+05
3.089310000000000000e+05
3.116710000000000000e+05
3.154230000000000000e+05
3.175710000000000000e+05
3.188390000000000000e+05
3.205820000000000000e+05
3.209620000000000000e+05
3.219160000000000000e+05
3.243660000000000000e+05
3.262530000000000000e+05
3.270980000000000000e+05
3.315470000000000000e+05
3.347730000000000000e+05
3.359000000000000000e+05
3.360350000000000000e+05
3.373340000000000000e+05
3.379340000000000000e+05
3.387610000000000000e+05
3.413140000000000000e+05
3.418900000000000000e+05
3.422610000000000000e+05
3.429210000000000000e+05
3.460230000000000000e+05
3.492940000000000000e+05
3.496810000000000000e+05
3.498110000000000000e+05
3.506210000000000000e+05
3.589070000000000000e+05
3.623240000000000000e+05
3.649460000000000000e+05
3.687980000000000000e+05
3.703790000000000000e+05
3.707630000000000000e+05
3.713080000000000000e+05
3.713220000000000000e+05
3.728090000000000000e+05
3.744360000000000000e+05
3.800510000000000000e+05
3.818400000000000000e+05
3.835930000000000000e+05
3.836830000000000000e+05
3.851410000000000000e+05
3.861660000000000000e+05
3.888240000000000000e+05
3.926100000000000000e+05
3.969080000000000000e+05
3.997660000000000000e+05
4.071940000000000000e+05
4.111210000000000000e+05
4.129140000000000000e+05
4.192710000000000000e+05
4.206770000000000000e+05
4.240340000000000000e+05
4.253910000000000000e+05
4.275390000000000000e+05
4.303550000000000000e+05
4.343880000000000000e+05
4.356920000000000000e+05
4.423520000000000000e+05
4.428460000000000000e+05
4.482180000000000000e+05
4.506960000000000000e+05
4.521600000000000000e+05
4.535150000000000000e+05
4.554500000000000000e+05
4.556230000000000000e+05
4.563470000000000000e+05
4.585910000000000000e+05
4.589170000000000000e+05
4.599290000000000000e+05
4.599810000000000000e+05
4.603560000000000000e+05
4.612020000000000000e+05
4.612910000000000000e+05
4.615660000000000000e+05
4.615990000000000000e+05
4.622680000000000000e+05
4.642880000000000000e+05
4.667100000000000000e+05
4.710710000000000000e+05
4.721910000000000000e+05
4.735880000000000000e+05
4.745600000000000000e+05
4.753890000000000000e+05
4.762050000000000000e+05
4.765450000000000000e+05
4.786170000000000000e+05
4.811680000000000000e+05
4.815110000000000000e+05
4.846580000000000000e+05
4.885190000000000000e+05
4.886060000000000000e+05
4.922200000000000000e+05
4.923600000000000000e+05
4.924630000000000000e+05
4.967390000000000000e+05
5.008040000000000000e+05
5.041300000000000000e+05
5.049600000000000000e+05
5.058890000000000000e+05
5.066840000000000000e+05
5.108510000000000000e+05
5.109420000000000000e+05
5.127640000000000000e+05
5.137580000000000000e+05
5.145990000000000000e+05
5.200370000000000000e+05
5.253000000000000000e+05
5.259670000000000000e+05
5.279860000000000000e+05
5.284130000000000000e+05
5.301020000000000000e+05
5.317110000000000000e+05
5.328540000000000000e+05
5.334180000000000000e+05
5.351000000000000000e+05
5.421500000000000000e+05
5.446820000000000000e+05
5.463630000000000000e+05
5.472080000000000000e+05
5.478430000000000000e+05
5.493880000000000000e+05
5.501800000000000000e+05
5.532550000000000000e+05
5.543270000000000000e+05
5.612020000000000000e+05
5.688500000000000000e+05
5.706910000000000000e+05
5.706970000000000000e+05
5.722990000000000000e+05
5.728080000000000000e+05
5.761300000000000000e+05
5.794540000000000000e+05
5.832630000000000000e+05
5.876230000000000000e+05
5.882090000000000000e+05
5.882710000000000000e+05
5.891180000000000000e+05
5.895500000000000000e+05
5.954480000000000000e+05
5.984600000000000000e+05
6.013550000000000000e+05
6.043710000000000000e+05
6.074040000000000000e+05
6.090360000000000000e+05
6.116140000000000000e+05
6.137800000000000000e+05
6.147360000000000000e+05
6.270780000000000000e+05
6.280270000000000000e+05
6.289670000000000000e+05
6.312120000000000000e+05
6.327120000000000000e+05
6.338450000000000000e+05
6.355620000000000000e+05
6.356600000000000000e+05
6.379910000000000000e+05
6.417040000000000000e+05
6.438170000000000000e+05
6.451070000000000000e+05
6.466270000000000000e+05
6.477670000000000000e+05
6.485530000000000000e+05
6.505380000000000000e+05
6.511720000000000000e+05
6.531270000000000000e+05
6.590690000000000000e+05
6.717070000000000000e+05
6.740030000000000000e+05
6.740920000000000000e+05
6.744710000000000000e+05
6.777540000000000000e+05
6.786070000000000000e+05
6.790210000000000000e+05
6.811690000000000000e+05
6.816630000000000000e+05
6.824130000000000000e+05
6.846240000000000000e+05
6.848970000000000000e+05
6.903240000000000000e+05
6.918840000000000000e+05
6.922590000000000000e+05
6.930050000000000000e+05
6.938410000000000000e+05
6.944540000000000000e+05
6.982680000000000000e+05
6.996470000000000000e+05
7.002310000000000000e+05
7.008710000000000000e+05
7.027320000000000000e+05
7.033190000000000000e+05
7.115470000000000000e+05
7.117600000000000000e+05
7.138070000000000000e+05
7.189260000000000000e+05
7.191270000000000000e+05
7.234550000000000000e+05
7.235680000000000000e+05
7.240490000000000000e+05
7.255400000000000000e+05
7.265060000000000000e+05
7.282000000000000000e+05
7.283130000000000000e+05
7.313710000000000000e+05
7.321140000000000000e+05
7.325500000000000000e+05
7.333210000000000000e+05
7.360340000000000000e+05
7.375830000000000000e+05
7.410310000000000000e+05
7.422940000000000000e+05
7.455850000000000000e+05
7.471020000000000000e+05
7.521290000000000000e+05
7.525910000000000000e+05
7.531250000000000000e+05
7.596100000000000000e+05
7.600140000000000000e+05
7.604700000000000000e+05
7.619630000000000000e+05
7.624690000000000000e+05
7.678750000000000000e+05
7.698900000000000000e+05
7.741110000000000000e+05
7.750390000000000000e+05
7.774790000000000000e+05
7.775110000000000000e+05
7.802100000000000000e+05
7.817060000000000000e+05
7.932310000000000000e+05
7.936880000000000000e+05
7.944170000000000000e+05
7.969760000000000000e+05
7.982500000000000000e+05
7.996850000000000000e+05
8.003980000000000000e+05
8.005100000000000000e+05
8.035170000000000000e+05
8.078640000000000000e+05
8.089350000000000000e+05
8.132580000000000000e+05
8.150890000000000000e+05
8.192850000000000000e+05
8.221220000000000000e+05
8.228690000000000000e+05
8.235780000000000000e+05
8.259770000000000000e+05
8.260190000000000000e+05
8.281230000000000000e+05
8.291770000000000000e+05
8.310750000000000000e+05
8.363210000000000000e+05
8.382220000000000000e+05
8.405890000000000000e+05
8.444210000000000000e+05
8.450900000000000000e+05
8.464730000000000000e+05
8.505370000000000000e+05
8.538650000000000000e+05
8.550830000000000000e+05
8.565210000000000000e+05
8.570360000000000000e+05
8.578890000000000000e+05
8.623460000000000000e+05
8.647300000000000000e+05
8.649560000000000000e+05
8.660020000000000000e+05
8.664980000000000000e+05
8.673090000000000000e+05
8.677780000000000000e+05
8.683870000000000000e+05
8.688600000000000000e+05
8.703120000000000000e+05
8.707930000000000000e+05
8.723730000000000000e+05
8.735900000000000000e+05
8.764890000000000000e+05
8.766550000000000000e+05
8.773340000000000000e+05
8.822230000000000000e+05
8.848290000000000000e+05
8.877240000000000000e+05
8.882370000000000000e+05
8.920370000000000000e+05
8.922600000000000000e+05
8.928610000000000000e+05
8.956410000000000000e+05
8.958270000000000000e+05
9.070680000000000000e+05
9.073620000000000000e+05
9.102540000000000000e+05
9.120110000000000000e+05
9.120690000000000000e+05
9.138320000000000000e+05
9.151770000000000000e+05
9.155060000000000000e+05
9.166060000000000000e+05
9.178370000000000000e+05
9.193110000000000000e+05
9.205380000000000000e+05
9.213410000000000000e+05
9.227040000000000000e+05
9.255930000000000000e+05
9.263400000000000000e+05
9.293890000000000000e+05
9.355180000000000000e+05
9.379510000000000000e+05
9.386540000000000000e+05
9.424810000000000000e+05
9.444910000000000000e+05
9.463010000000000000e+05
9.481090000000000000e+05
9.503550000000000000e+05
9.516630000000000000e+05
9.530720000000000000e+05
9.531110000000000000e+05
9.544070000000000000e+05
9.591820000000000000e+05
9.606970000000000000e+05
9.622560000000000000e+05
9.683610000000000000e+05
9.691820000000000000e+05
9.692800000000000000e+05
9.712220000000000000e+05
9.729440000000000000e+05
9.736780000000000000e+05
9.751340000000000000e+05
9.811720000000000000e+05
9.825690000000000000e+05
9.829480000000000000e+05
9.848500000000000000e+05
9.848710000000000000e+05
9.850070000000000000e+05
9.876920000000000000e+05
9.896770000000000000e+05
9.932250000000000000e+05
1.000013000000000000e+06
1.002686000000000000e+06
1.004197000000000000e+06
1.015341000000000000e+06
1.018931000000000000e+06
1.019064000000000000e+06
1.020020000000000000e+06
1.021738000000000000e+06
1.026814000000000000e+06
1.030358000000000000e+06
1.032059000000000000e+06
1.032684000000000000e+06
1.036360000000000000e+06
1.039513000000000000e+06
1.039569000000000000e+06
1.039827000000000000e+06
1.042100000000000000e+06
1.043577000000000000e+06
1.044215000000000000e+06
1.045238000000000000e+06
1.045973000000000000e+06
1.055915000000000000e+06
1.056439000000000000e+06
1.066798000000000000e+06
1.069062000000000000e+06
1.070010000000000000e+06
1.070363000000000000e+06
1.071111000000000000e+06
1.072041000000000000e+06
1.072712000000000000e+06
1.075811000000000000e+06
1.076392000000000000e+06
1.079684000000000000e+06
1.083835000000000000e+06
1.084449000000000000e+06
1.085261000000000000e+06
1.086223000000000000e+06
1.086314000000000000e+06
1.087023000000000000e+06
1.088422000000000000e+06
1.090560000000000000e+06
1.092493000000000000e+06
1.093588000000000000e+06
1.095626000000000000e+06
1.096343000000000000e+06
1.097636000000000000e+06
1.098038000000000000e+06
1.102909000000000000e+06
1.107798000000000000e+06
1.109981000000000000e+06
1.115035000000000000e+06
1.119291000000000000e+06
1.123898000000000000e+06
1.124610000000000000e+06
1.129412000000000000e+06
1.129614000000000000e+06
1.130627000000000000e+06
1.131144000000000000e+06
1.131272000000000000e+06
1.132018000000000000e+06
1.133381000000000000e+06
1.136604000000000000e+06
1.137409000000000000e+06
1.137638000000000000e+06
1.137737000000000000e+06
1.138168000000000000e+06
1.141387000000000000e+06
1.144435000000000000e+06
1.151084000000000000e+06
1.152707000000000000e+06
1.153010000000000000e+06
1.155164000000000000e+06
1.156476000000000000e+06
1.157181000000000000e+06
1.157254000000000000e+06
1.158416000000000000e+06
1.158558000000000000e+06
1.163361000000000000e+06
1.163721000000000000e+06
1.164257000000000000e+06
1.164903000000000000e+06
1.165388000000000000e+06
1.165785000000000000e+06
1.167738000000000000e+06
1.167944000000000000e+06
1.168557000000000000e+06
1.171407000000000000e+06
1.171619000000000000e+06
1.172622000000000000e+06
1.174141000000000000e+06
1.177810000000000000e+06
1.181527000000000000e+06
1.181609000000000000e+06
1.182210000000000000e+06
1.182299000000000000e+06
1.186198000000000000e+06
1.189606000000000000e+06
1.189607000000000000e+06
1.189772000000000000e+06
1.190789000000000000e+06
1.191768000000000000e+06
1.191991000000000000e+06
1.192493000000000000e+06
1.193990000000000000e+06
1.194903000000000000e+06
1.196628000000000000e+06
1.197652000000000000e+06
1.197852000000000000e+06
1.197961000000000000e+06
1.207638000000000000e+06
1.209105000000000000e+06
1.209148000000000000e+06
1.210490000000000000e+06
1.211383000000000000e+06
1.212345000000000000e+06
1.213568000000000000e+06
1.215816000000000000e+06
1.215958000000000000e+06
1.218233000000000000e+06
1.219544000000000000e+06
1.220170000000000000e+06
1.225086000000000000e+06
1.225209000000000000e+06
1.225659000000000000e+06
1.226098000000000000e+06
1.228675000000000000e+06
1.228896000000000000e+06
1.231174000000000000e+06
1.231674000000000000e+06
1.235195000000000000e+06
1.236357000000000000e+06
1.237329000000000000e+06
1.238310000000000000e+06
1.239630000000000000e+06
1.241781000000000000e+06
1.243872000000000000e+06
1.244473000000000000e+06
1.245251000000000000e+06
1.250744000000000000e+06
1.250798000000000000e+06
1.252871000000000000e+06
1.254824000000000000e+06
1.257873000000000000e+06
1.260750000000000000e+06
1.263151000000000000e+06
1.263701000000000000e+06
1.264313000000000000e+06
1.266294000000000000e+06
1.267138000000000000e+06
1.268820000000000000e+06
1.272261000000000000e+06
1.276545000000000000e+06
1.280093000000000000e+06
1.283188000000000000e+06
1.283674000000000000e+06
1.287676000000000000e+06
1.287996000000000000e+06
1.289905000000000000e+06
1.292642000000000000e+06
1.293566000000000000e+06
1.295247000000000000e+06
1.297239000000000000e+06
1.303116000000000000e+06
1.306526000000000000e+06
1.307133000000000000e+06
1.307817000000000000e+06
1.312032000000000000e+06
1.314275000000000000e+06
1.314474000000000000e+06
1.317671000000000000e+06
1.321669000000000000e+06
1.322503000000000000e+06
1.325010000000000000e+06
1.325070000000000000e+06
1.325645000000000000e+06
1.326876000000000000e+06
1.327790000000000000e+06
1.328097000000000000e+06
1.328510000000000000e+06
1.334765000000000000e+06
1.335151000000000000e+06
1.335982000000000000e+06
1.336723000000000000e+06
1.338737000000000000e+06
1.340527000000000000e+06
1.340826000000000000e+06
1.341225000000000000e+06
1.342781000000000000e+06
1.343854000000000000e+06
1.344703000000000000e+06
1.344822000000000000e+06
1.346153000000000000e+06
1.347050000000000000e+06
1.347994000000000000e+06
1.348666000000000000e+06
1.350514000000000000e+06
1.352119000000000000e+06
1.355929000000000000e+06
1.357291000000000000e+06
1.357396000000000000e+06
1.357894000000000000e+06
1.361790000000000000e+06
1.363685000000000000e+06
1.365480000000000000e+06
1.371217000000000000e+06
1.372597000000000000e+06
1.372697000000000000e+06
1.373234000000000000e+06
1.374831000000000000e+06
1.379911000000000000e+06
1.387009000000000000e+06
1.395948000000000000e+06
1.398013000000000000e+06
1.398405000000000000e+06
1.401760000000000000e+06
1.402646000000000000e+06
1.403924000000000000e+06
1.404007000000000000e+06
1.404912000000000000e+06
1.405940000000000000e+06
1.408101000000000000e+06
1.410424000000000000e+06
1.417305000000000000e+06
1.418037000000000000e+06
1.420008000000000000e+06
1.422253000000000000e+06
1.423573000000000000e+06
1.424083000000000000e+06
1.424972000000000000e+06
1.430831000000000000e+06
1.431339000000000000e+06
1.433185000000000000e+06
1.434579000000000000e+06
1.436319000000000000e+06
1.437462000000000000e+06
1.440016000000000000e+06
1.441503000000000000e+06
1.444992000000000000e+06
1.445323000000000000e+06
1.446982000000000000e+06
1.450715000000000000e+06
1.454709000000000000e+06
1.456015000000000000e+06
1.456674000000000000e+06
1.457951000000000000e+06
1.458401000000000000e+06
1.458707000000000000e+06
1.462641000000000000e+06
1.462944000000000000e+06
1.473279000000000000e+06
1.475161000000000000e+06
1.481837000000000000e+06
1.487391000000000000e+06
1.488188000000000000e+06
1.488208000000000000e+06
1.490239000000000000e+06
1.491464000000000000e+06
1.491847000000000000e+06
1.493109000000000000e+06
1.493405000000000000e+06
1.495451000000000000e+06
1.495814000000000000e+06
1.497085000000000000e+06
1.497613000000000000e+06
1.499000000000000000e+06
1.499416000000000000e+06
1.500198000000000000e+06
1.503383000000000000e+06
1.504797000000000000e+06
1.506319000000000000e+06
1.507200000000000000e+06
1.509934000000000000e+06
1.510244000000000000e+06
1.511140000000000000e+06
1.512997000000000000e+06
1.516663000000000000e+06
1.518033000000000000e+06
1.521735000000000000e+06
1.522434000000000000e+06
1.522785000000000000e+06
1.523493000000000000e+06
1.523812000000000000e+06
1.528957000000000000e+06
1.536919000000000000e+06
1.538340000000000000e+06
1.538674000000000000e+06
1.540162000000000000e+06
1.540602000000000000e+06
1.540695000000000000e+06
1.542730000000000000e+06
1.542860000000000000e+06
1.545634000000000000e+06
1.545856000000000000e+06
1.546950000000000000e+06
1.547872000000000000e+06
1.550441000000000000e+06
1.553130000000000000e+06
1.555199000000000000e+06
1.555691000000000000e+06
1.557091000000000000e+06
1.559966000000000000e+06
1.563926000000000000e+06
1.567885000000000000e+06
1.568030000000000000e+06
1.569183000000000000e+06
1.570321000000000000e+06
1.571864000000000000e+06
1.577172000000000000e+06
1.584429000000000000e+06
1.586142000000000000e+06
1.586621000000000000e+06
1.587043000000000000e+06
1.588161000000000000e+06
1.589454000000000000e+06
1.593036000000000000e+06
1.595631000000000000e+06
1.599368000000000000e+06
1.600684000000000000e+06
1.604975000000000000e+06
1.607932000000000000e+06
1.612171000000000000e+06
1.612288000000000000e+06
1.613221000000000000e+06
1.615819000000000000e+06
1.616256000000000000e+06
1.619930000000000000e+06
1.620407000000000000e+06
1.620909000000000000e+06
1.621198000000000000e+06
1.625228000000000000e+06
1.625853000000000000e+06
1.628619000000000000e+06
1.631750000000000000e+06
1.635226000000000000e+06
1.635359000000000000e+06
1.636976000000000000e+06
1.639131000000000000e+06
1.640097000000000000e+06
1.640480000000000000e+06
1.640983000000000000e+06
1.641809000000000000e+06
1.647087000000000000e+06
1.648490000000000000e+06
1.650756000000000000e+06
1.657148000000000000e+06
1.658172000000000000e+06
1.660948000000000000e+06
1.663859000000000000e+06
1.664731000000000000e+06
1.667210000000000000e+06
1.668605000000000000e+06
1.669854000000000000e+06
1.671285000000000000e+06
1.671314000000000000e+06
1.672583000000000000e+06
1.673231000000000000e+06
1.674877000000000000e+06
1.677332000000000000e+06
1.679639000000000000e+06
1.681376000000000000e+06
1.682996000000000000e+06
1.684240000000000000e+06
1.684404000000000000e+06
1.685638000000000000e+06
1.686804000000000000e+06
1.687328000000000000e+06
1.690926000000000000e+06
1.691143000000000000e+06
1.692000000000000000e+06
1.692036000000000000e+06
1.693836000000000000e+06
1.695049000000000000e+06
1.696694000000000000e+06
1.698559000000000000e+06
1.698758000000000000e+06
1.698899000000000000e+06
1.699331000000000000e+06
1.699367000000000000e+06
1.699426000000000000e+06
1.701842000000000000e+06
1.705149000000000000e+06
1.706329000000000000e+06
1.707206000000000000e+06
1.715546000000000000e+06
1.716283000000000000e+06
1.716914000000000000e+06
1.719995000000000000e+06
1.722584000000000000e+06
1.722605000000000000e+06
1.724581000000000000e+06
1.725185000000000000e+06
1.725359000000000000e+06
1.729728000000000000e+06
1.731343000000000000e+06
1.731468000000000000e+06
1.746860000000000000e+06
1.746939000000000000e+06
1.747513000000000000e+06
1.754213000000000000e+06
1.754315000000000000e+06
1.754360000000000000e+06
1.754547000000000000e+06
1.756434000000000000e+06
1.757277000000000000e+06
1.757771000000000000e+06
1.760251000000000000e+06
1.762027000000000000e+06
1.764053000000000000e+06
1.766096000000000000e+06
1.769197000000000000e+06
1.770018000000000000e+06
1.770965000000000000e+06
1.772747000000000000e+06
1.774142000000000000e+06
1.777752000000000000e+06
1.778689000000000000e+06
1.779218000000000000e+06
1.781385000000000000e+06
1.782419000000000000e+06
1.786238000000000000e+06
1.790011000000000000e+06
1.792499000000000000e+06
1.793138000000000000e+06
1.793675000000000000e+06
1.795129000000000000e+06
1.796348000000000000e+06
1.796445000000000000e+06
1.796547000000000000e+06
1.796814000000000000e+06
1.798619000000000000e+06
1.800685000000000000e+06
1.800717000000000000e+06
1.800962000000000000e+06
1.804869000000000000e+06
1.810539000000000000e+06
1.810544000000000000e+06
1.812831000000000000e+06
1.813662000000000000e+06
1.816551000000000000e+06
1.816603000000000000e+06
1.819715000000000000e+06
1.825557000000000000e+06
1.825721000000000000e+06
1.827557000000000000e+06
1.829422000000000000e+06
1.829773000000000000e+06
1.832470000000000000e+06
1.833601000000000000e+06
1.834516000000000000e+06
1.838547000000000000e+06
1.839820000000000000e+06
1.842660000000000000e+06
1.843207000000000000e+06
1.845723000000000000e+06
1.845731000000000000e+06
1.845839000000000000e+06
1.851628000000000000e+06
1.857915000000000000e+06
1.858570000000000000e+06
1.858708000000000000e+06
1.859413000000000000e+06
1.859788000000000000e+06
1.866292000000000000e+06
1.867432000000000000e+06
1.868187000000000000e+06
1.869002000000000000e+06
1.870190000000000000e+06
1.871425000000000000e+06
1.872892000000000000e+06
1.874673000000000000e+06
1.874930000000000000e+06
1.875206000000000000e+06
1.875228000000000000e+06
1.875542000000000000e+06
1.878754000000000000e+06
1.883016000000000000e+06
1.886445000000000000e+06
1.886732000000000000e+06
1.891535000000000000e+06
1.899397000000000000e+06
1.904243000000000000e+06
1.905475000000000000e+06
1.908270000000000000e+06
1.912712000000000000e+06
1.912872000000000000e+06
1.914660000000000000e+06
1.915485000000000000e+06
1.915734000000000000e+06
1.917648000000000000e+06
1.918234000000000000e+06
1.926583000000000000e+06
1.926678000000000000e+06
1.928475000000000000e+06
1.929169000000000000e+06
1.929831000000000000e+06
1.930849000000000000e+06
1.931367000000000000e+06
1.933200000000000000e+06
1.936813000000000000e+06
1.937535000000000000e+06
1.938425000000000000e+06
1.940461000000000000e+06
1.944178000000000000e+06
1.944844000000000000e+06
1.945192000000000000e+06
1.946376000000000000e+06
1.947985000000000000e+06
1.948010000000000000e+06
1.948402000000000000e+06
1.949115000000000000e+06
1.950679000000000000e+06
1.951798000000000000e+06
1.951913000000000000e+06
