2.300000000000000000e+02
2.048000000000000000e+03
2.169000000000000000e+03
4.150000000000000000e+03
5.054000000000000000e+03
5.387000000000000000e+03
8.418000000000000000e+03
9.322000000000000000e+03
1.013900000000000000e+04
1.031300000000000000e+04
2.019100000000000000e+04
2.282600000000000000e+04
2.459100000000000000e+04
2.609900000000000000e+04
2.970600000000000000e+04
3.048600000000000000e+04
3.118700000000000000e+04
3.286300000000000000e+04
3.343500000000000000e+04
4.447700000000000000e+04
4.732000000000000000e+04
4.901000000000000000e+04
5.507600000000000000e+04
5.539800000000000000e+04
5.633400000000000000e+04
5.659800000000000000e+04
5.712200000000000000e+04
5.793300000000000000e+04
5.854100000000000000e+04
5.919600000000000000e+04
5.997400000000000000e+04
6.006700000000000000e+04
6.029200000000000000e+04
6.216800000000000000e+04
6.363400000000000000e+04
6.397600000000000000e+04
6.955800000000000000e+04
7.176900000000000000e+04
7.184700000000000000e+04
7.212500000000000000e+04
7.364600000000000000e+04
7.395000000000000000e+04
7.481300000000000000e+04
8.025800000000000000e+04
8.570300000000000000e+04
8.581600000000000000e+04
8.588200000000000000e+04
8.869900000000000000e+04
9.430900000000000000e+04
9.505000000000000000e+04
1.016120000000000000e+05
1.049640000000000000e+05
1.072910000000000000e+05
1.074050000000000000e+05
1.087040000000000000e+05
1.124130000000000000e+05
1.142480000000000000e+05
1.195330000000000000e+05
1.204020000000000000e+05
1.209850000000000000e+05
1.226050000000000000e+05
1.245440000000000000e+05
1.269720000000000000e+05
1.286920000000000000e+05
1.294230000000000000e+05
1.324640000000000000e+05
1.354160000000000000e+05
1.354510000000000000e+05
1.366350000000000000e+05
1.377470000000000000e+05
1.389950000000000000e+05
1.403930000000000000e+05
1.435330000000000000e+05
1.439080000000000000e+05
1.441880000000000000e+05
1.469560000000000000e+05
1.559700000000000000e+05
1.589960000000000000e+05
1.634720000000000000e+05
1.641340000000000000e+05
1.687360000000000000e+05
1.687810000000000000e+05
1.693170000000000000e+05
1.726370000000000000e+05
1.728980000000000000e+05
1.733310000000000000e+05
1.736080000000000000e+05
1.776360000000000000e+05
1.841010000000000000e+05
1.850230000000000000e+05
1.871010000000000000e+05
1.894180000000000000e+05
1.904260000000000000e+05
1.920920000000000000e+05
1.924650000000000000e+05
1.934710000000000000e+05
1.944070000000000000e+05
1.946280000000000000e+05
1.947990000000000000e+05
1.955790000000000000e+05
1.971990000000000000e+05
2.008510000000000000e+05
2.016150000000000000e+05
2.079800000000000000e+05
2.080210000000000000e+05
2.105730000000000000e+05
2.115170000000000000e+05
2.116350000000000000e+05
2.131680000000000000e+05
2.132370000000000000e+05
2.133400000000000000e+05
2.203200000000000000e+05
2.222490000000000000e+05
2.260010000000000000e+05
2.280420000000000000e+05
2.292280000000000000e+05
2.295960000000000000e+05
2.345770000000000000e+05
2.348620000000000000e+05
2.350620000000000000e+05
2.399330000000000000e+05
2.469230000000000000e+05
2.501300000000000000e+05
2.522710000000000000e+05
2.593200000000000000e+05
2.616880000000000000e+05
2.637560000000000000e+05
2.650030000000000000e+05
2.675190000000000000e+05
2.683740000000000000e+05
2.701990000000000000e+05
2.751180000000000000e+05
2.755070000000000000e+05
2.763460000000000000e+05
2.772070000000000000e+05
2.812140000000000000e+05
2.832570000000000000e+05
2.841900000000000000e+05
2.847150000000000000e+05
2.856350000000000000e+05
2.865000000000000000e+05
2.870680000000000000e+05
2.871020000000000000e+05
2.919120000000000000e+05
2.924270000000000000e+05
2.966340000000000000e+05
2.969660000000000000e+05
2.970690000000000000e+05
2.974130000000000000e+05
2.986600000000000000e+05
2.997170000000000000e+05
3.023670000000000000e+05
3.043830000000000000e+05
3.062610000000000000e+05
3.073320000000000000e+05
3.074650000000000000e+05
3.091140000000000000e+05
3.094690000000000000e+05
3.100370000000000000e+05
3.109290000000000000e+05
3.122060000000000000e+05
3.149130000000000000e+05
3.177120000000000000e+05
3.266200000000000000e+05
3.269130000000000000e+05
3.293570000000000000e+05
3.305070000000000000e+05
3.340100000000000000e+05
3.346880000000000000e+05
3.394300000000000000e+05
3.426600000000000000e+05
3.465040000000000000e+05
3.472350000000000000e+05
3.488410000000000000e+05
3.498150000000000000e+05
3.573470000000000000e+05
3.584840000000000000e+05
3.602510000000000000e+05
3.646360000000000000e+05
3.664680000000000000e+05
3.683100000000000000e+05
3.708850000000000000e+05
3.712090000000000000e+05
3.741240000000000000e+05
3.746380000000000000e+05
3.771490000000000000e+05
3.794020000000000000e+05
3.795080000000000000e+05
3.824000000000000000e+05
3.850040000000000000e+05
3.897990000000000000e+05
3.900880000000000000e+05
3.924660000000000000e+05
3.939540000000000000e+05
3.944240000000000000e+05
3.958640000000000000e+05
3.987890000000000000e+05
3.994170000000000000e+05
4.005700000000000000e+05
4.008180000000000000e+05
4.034040000000000000e+05
4.052860000000000000e+05
4.058120000000000000e+05
4.103750000000000000e+05
4.127150000000000000e+05
4.148740000000000000e+05
4.177190000000000000e+05
4.197820000000000000e+05
4.204760000000000000e+05
4.212640000000000000e+05
4.215890000000000000e+05
4.219260000000000000e+05
4.262600000000000000e+05
4.268350000000000000e+05
4.278940000000000000e+05
4.317300000000000000e+05
4.339880000000000000e+05
4.416790000000000000e+05
4.454680000000000000e+05
4.457770000000000000e+05
4.485700000000000000e+05
4.495670000000000000e+05
4.626350000000000000e+05
4.643630000000000000e+05
4.649370000000000000e+05
4.668330000000000000e+05
4.670470000000000000e+05
4.713120000000000000e+05
4.713910000000000000e+05
4.718100000000000000e+05
4.721090000000000000e+05
4.734340000000000000e+05
4.741700000000000000e+05
4.754640000000000000e+05
4.777860000000000000e+05
4.783010000000000000e+05
4.784680000000000000e+05
4.834970000000000000e+05
4.854520000000000000e+05
4.856730000000000000e+05
4.857240000000000000e+05
4.936620000000000000e+05
4.974910000000000000e+05
4.994200000000000000e+05
4.999660000000000000e+05
5.009930000000000000e+05
5.039360000000000000e+05
5.080250000000000000e+05
5.085980000000000000e+05
5.116050000000000000e+05
5.117080000000000000e+05
5.165140000000000000e+05
5.189440000000000000e+05
5.201440000000000000e+05
5.224850000000000000e+05
5.284430000000000000e+05
5.308770000000000000e+05
5.319890000000000000e+05
5.324860000000000000e+05
5.329480000000000000e+05
5.385710000000000000e+05
5.392990000000000000e+05
5.417540000000000000e+05
5.420310000000000000e+05
5.435080000000000000e+05
5.455540000000000000e+05
5.476980000000000000e+05
5.482060000000000000e+05
5.487420000000000000e+05
5.518030000000000000e+05
5.522430000000000000e+05
5.579940000000000000e+05
5.581970000000000000e+05
5.632630000000000000e+05
5.634050000000000000e+05
5.644680000000000000e+05
5.652650000000000000e+05
5.667290000000000000e+05
5.688870000000000000e+05
5.721180000000000000e+05
5.743220000000000000e+05
5.750660000000000000e+05
5.768820000000000000e+05
5.771240000000000000e+05
5.789350000000000000e+05
5.846290000000000000e+05
5.861780000000000000e+05
5.884580000000000000e+05
5.913580000000000000e+05
5.969310000000000000e+05
5.983410000000000000e+05
5.984620000000000000e+05
6.005990000000000000e+05
6.040850000000000000e+05
6.044050000000000000e+05
6.089750000000000000e+05
6.092280000000000000e+05
6.099890000000000000e+05
6.138640000000000000e+05
6.175760000000000000e+05
6.202830000000000000e+05
6.253570000000000000e+05
6.259190000000000000e+05
6.259420000000000000e+05
6.262690000000000000e+05
6.263940000000000000e+05
6.280550000000000000e+05
6.297810000000000000e+05
6.302140000000000000e+05
6.302280000000000000e+05
6.318450000000000000e+05
6.325170000000000000e+05
6.338370000000000000e+05
6.362020000000000000e+05
6.364260000000000000e+05
6.369500000000000000e+05
6.389320000000000000e+05
6.447370000000000000e+05
6.453040000000000000e+05
6.460810000000000000e+05
6.461500000000000000e+05
6.486060000000000000e+05
6.494380000000000000e+05
6.555430000000000000e+05
6.556660000000000000e+05
6.565960000000000000e+05
6.591790000000000000e+05
6.609170000000000000e+05
6.609250000000000000e+05
6.634120000000000000e+05
6.668550000000000000e+05
6.681630000000000000e+05
6.702620000000000000e+05
6.742390000000000000e+05
6.762950000000000000e+05
6.788100000000000000e+05
6.793690000000000000e+05
6.794830000000000000e+05
6.794910000000000000e+05
6.894650000000000000e+05
6.908960000000000000e+05
6.922260000000000000e+05
6.996590000000000000e+05
7.021080000000000000e+05
7.040250000000000000e+05
7.049730000000000000e+05
7.055350000000000000e+05
7.067490000000000000e+05
7.095840000000000000e+05
7.126690000000000000e+05
7.135230000000000000e+05
7.141350000000000000e+05
7.177230000000000000e+05
7.203700000000000000e+05
7.205690000000000000e+05
7.228070000000000000e+05
7.231620000000000000e+05
7.237040000000000000e+05
7.272930000000000000e+05
7.278840000000000000e+05
7.311750000000000000e+05
7.321090000000000000e+05
7.336940000000000000e+05
7.342330000000000000e+05
7.376020000000000000e+05
7.391150000000000000e+05
7.493330000000000000e+05
7.523440000000000000e+05
7.538020000000000000e+05
7.538810000000000000e+05
7.562830000000000000e+05
7.566060000000000000e+05
7.590150000000000000e+05
7.602050000000000000e+05
7.629070000000000000e+05
7.644070000000000000e+05
7.656190000000000000e+05
7.711020000000000000e+05
7.721470000000000000e+05
7.764380000000000000e+05
7.812160000000000000e+05
7.815400000000000000e+05
7.838130000000000000e+05
7.849100000000000000e+05
7.866940000000000000e+05
7.898450000000000000e+05
7.955450000000000000e+05
7.961940000000000000e+05
7.980860000000000000e+05
7.998430000000000000e+05
8.006260000000000000e+05
8.025310000000000000e+05
8.047870000000000000e+05
8.094420000000000000e+05
8.100210000000000000e+05
8.105080000000000000e+05
8.138000000000000000e+05
8.178960000000000000e+05
8.182260000000000000e+05
8.182590000000000000e+05
8.196650000000000000e+05
8.218630000000000000e+05
8.246780000000000000e+05
8.260230000000000000e+05
8.286580000000000000e+05
8.291990000000000000e+05
8.327460000000000000e+05
8.329570000000000000e+05
8.413900000000000000e+05
8.462330000000000000e+05
8.490620000000000000e+05
8.493170000000000000e+05
8.523050000000000000e+05
8.531670000000000000e+05
8.541460000000000000e+05
8.542290000000000000e+05
8.551960000000000000e+05
8.562340000000000000e+05
8.583110000000000000e+05
8.591090000000000000e+05
8.593610000000000000e+05
8.618890000000000000e+05
8.621110000000000000e+05
8.632000000000000000e+05
8.641620000000000000e+05
8.646940000000000000e+05
8.690770000000000000e+05
8.717880000000000000e+05
8.727260000000000000e+05
8.756980000000000000e+05
8.762100000000000000e+05
8.770690000000000000e+05
8.788500000000000000e+05
8.792770000000000000e+05
8.805700000000000000e+05
8.807560000000000000e+05
8.831750000000000000e+05
8.834320000000000000e+05
8.837030000000000000e+05
8.853500000000000000e+05
8.877310000000000000e+05
8.878780000000000000e+05
8.884540000000000000e+05
8.917890000000000000e+05
8.944230000000000000e+05
8.951930000000000000e+05
8.984540000000000000e+05
8.984550000000000000e+05
9.036010000000000000e+05
9.037480000000000000e+05
9.044100000000000000e+05
9.045400000000000000e+05
9.057010000000000000e+05
9.091040000000000000e+05
9.126810000000000000e+05
9.159060000000000000e+05
9.249920000000000000e+05
9.265390000000000000e+05
9.299620000000000000e+05
9.311050000000000000e+05
9.319560000000000000e+05
9.329450000000000000e+05
9.331280000000000000e+05
9.332940000000000000e+05
9.345510000000000000e+05
9.355980000000000000e+05
9.359850000000000000e+05
9.393590000000000000e+05
9.399930000000000000e+05
9.403620000000000000e+05
9.440540000000000000e+05
9.453650000000000000e+05
9.518460000000000000e+05
9.585620000000000000e+05
9.616720000000000000e+05
9.646140000000000000e+05
9.703530000000000000e+05
9.728160000000000000e+05
9.785630000000000000e+05
9.790450000000000000e+05
9.847510000000000000e+05
9.859800000000000000e+05
9.860160000000000000e+05
9.864890000000000000e+05
9.926660000000000000e+05
9.973030000000000000e+05
1.000370000000000000e+06
1.001631000000000000e+06
1.002225000000000000e+06
1.003222000000000000e+06
1.004575000000000000e+06
1.007288000000000000e+06
1.008155000000000000e+06
1.011387000000000000e+06
1.012920000000000000e+06
1.017696000000000000e+06
1.017986000000000000e+06
1.018041000000000000e+06
1.020216000000000000e+06
1.020698000000000000e+06
1.022379000000000000e+06
1.025198000000000000e+06
1.028945000000000000e+06
1.029037000000000000e+06
1.029692000000000000e+06
1.029774000000000000e+06
1.031748000000000000e+06
1.035074000000000000e+06
1.037416000000000000e+06
1.042227000000000000e+06
1.045318000000000000e+06
1.054127000000000000e+06
1.056359000000000000e+06
1.058069000000000000e+06
1.060600000000000000e+06
1.061466000000000000e+06
1.061612000000000000e+06
1.061804000000000000e+06
1.062872000000000000e+06
1.063262000000000000e+06
1.063655000000000000e+06
1.064297000000000000e+06
1.064758000000000000e+06
1.067566000000000000e+06
1.069794000000000000e+06
1.070878000000000000e+06
1.071170000000000000e+06
1.073886000000000000e+06
1.075331000000000000e+06
1.076299000000000000e+06
1.078338000000000000e+06
1.078661000000000000e+06
1.079975000000000000e+06
1.088237000000000000e+06
1.088679000000000000e+06
1.088978000000000000e+06
1.091081000000000000e+06
1.092164000000000000e+06
1.093682000000000000e+06
1.094299000000000000e+06
1.095883000000000000e+06
1.096583000000000000e+06
1.101007000000000000e+06
1.101730000000000000e+06
1.105817000000000000e+06
1.106392000000000000e+06
1.106856000000000000e+06
1.108767000000000000e+06
1.109869000000000000e+06
1.110852000000000000e+06
1.111880000000000000e+06
1.112715000000000000e+06
1.114880000000000000e+06
1.116449000000000000e+06
1.117848000000000000e+06
1.124252000000000000e+06
1.124987000000000000e+06
1.127241000000000000e+06
1.130460000000000000e+06
1.130720000000000000e+06
1.131027000000000000e+06
1.131844000000000000e+06
1.134543000000000000e+06
1.135268000000000000e+06
1.137763000000000000e+06
1.140873000000000000e+06
1.143493000000000000e+06
1.144536000000000000e+06
1.145218000000000000e+06
1.145836000000000000e+06
1.146483000000000000e+06
1.146896000000000000e+06
1.146904000000000000e+06
1.151497000000000000e+06
1.158883000000000000e+06
1.162671000000000000e+06
1.163640000000000000e+06
1.163685000000000000e+06
1.164020000000000000e+06
1.165089000000000000e+06
1.169273000000000000e+06
1.172933000000000000e+06
1.174395000000000000e+06
1.174451000000000000e+06
1.174635000000000000e+06
1.175637000000000000e+06
1.176987000000000000e+06
1.180154000000000000e+06
1.181372000000000000e+06
1.185273000000000000e+06
1.186768000000000000e+06
1.187090000000000000e+06
1.187294000000000000e+06
1.190967000000000000e+06
1.192073000000000000e+06
1.194220000000000000e+06
1.195540000000000000e+06
1.200451000000000000e+06
1.204188000000000000e+06
1.208392000000000000e+06
1.212857000000000000e+06
1.213959000000000000e+06
1.214142000000000000e+06
1.214674000000000000e+06
1.216856000000000000e+06
1.218479000000000000e+06
1.219063000000000000e+06
1.222811000000000000e+06
1.223292000000000000e+06
1.226649000000000000e+06
1.226973000000000000e+06
1.227208000000000000e+06
1.231806000000000000e+06
1.232797000000000000e+06
1.232810000000000000e+06
1.242248000000000000e+06
1.249483000000000000e+06
1.251388000000000000e+06
1.252588000000000000e+06
1.254303000000000000e+06
1.261139000000000000e+06
1.262850000000000000e+06
1.263353000000000000e+06
1.264641000000000000e+06
1.267206000000000000e+06
1.268439000000000000e+06
1.271930000000000000e+06
1.274652000000000000e+06
1.275543000000000000e+06
1.276738000000000000e+06
1.277714000000000000e+06
1.278771000000000000e+06
1.280756000000000000e+06
1.282612000000000000e+06
1.283022000000000000e+06
1.283598000000000000e+06
1.284486000000000000e+06
1.285190000000000000e+06
1.286663000000000000e+06
1.289461000000000000e+06
1.292087000000000000e+06
1.293460000000000000e+06
1.296062000000000000e+06
1.299641000000000000e+06
1.300553000000000000e+06
1.302353000000000000e+06
1.302581000000000000e+06
1.306260000000000000e+06
1.309265000000000000e+06
1.309410000000000000e+06
1.309549000000000000e+06
1.310263000000000000e+06
1.310547000000000000e+06
1.315125000000000000e+06
1.316989000000000000e+06
1.319044000000000000e+06
1.323509000000000000e+06
1.323652000000000000e+06
1.324690000000000000e+06
1.325110000000000000e+06
1.327903000000000000e+06
1.329476000000000000e+06
1.330745000000000000e+06
1.332737000000000000e+06
1.333686000000000000e+06
1.335817000000000000e+06
1.337614000000000000e+06
1.339942000000000000e+06
1.341713000000000000e+06
1.344001000000000000e+06
1.345556000000000000e+06
1.349309000000000000e+06
1.352412000000000000e+06
1.353267000000000000e+06
1.353426000000000000e+06
1.353467000000000000e+06
1.354478000000000000e+06
1.356364000000000000e+06
1.357482000000000000e+06
1.358953000000000000e+06
1.360915000000000000e+06
1.360949000000000000e+06
1.361780000000000000e+06
1.363462000000000000e+06
1.366162000000000000e+06
1.366461000000000000e+06
1.368499000000000000e+06
1.370022000000000000e+06
1.370750000000000000e+06
1.373003000000000000e+06
1.373631000000000000e+06
1.373944000000000000e+06
1.376753000000000000e+06
1.377444000000000000e+06
1.378294000000000000e+06
1.379071000000000000e+06
1.380439000000000000e+06
1.381490000000000000e+06
1.382160000000000000e+06
1.383005000000000000e+06
1.385114000000000000e+06
1.385735000000000000e+06
1.389599000000000000e+06
1.389871000000000000e+06
1.390873000000000000e+06
1.395179000000000000e+06
1.396507000000000000e+06
1.398734000000000000e+06
1.402109000000000000e+06
1.402945000000000000e+06
1.403934000000000000e+06
1.404311000000000000e+06
1.404665000000000000e+06
1.404827000000000000e+06
1.408636000000000000e+06
1.408896000000000000e+06
1.409960000000000000e+06
1.410255000000000000e+06
1.411347000000000000e+06
1.413868000000000000e+06
1.417230000000000000e+06
1.421051000000000000e+06
1.421775000000000000e+06
1.423013000000000000e+06
1.426864000000000000e+06
1.427648000000000000e+06
1.427760000000000000e+06
1.428771000000000000e+06
1.430147000000000000e+06
1.433473000000000000e+06
1.434619000000000000e+06
1.434728000000000000e+06
1.437620000000000000e+06
1.437989000000000000e+06
1.440683000000000000e+06
1.444046000000000000e+06
1.444936000000000000e+06
1.445380000000000000e+06
1.447579000000000000e+06
1.456896000000000000e+06
1.460772000000000000e+06
1.464411000000000000e+06
1.466941000000000000e+06
1.467543000000000000e+06
1.468972000000000000e+06
1.470116000000000000e+06
1.470995000000000000e+06
1.472505000000000000e+06
1.473561000000000000e+06
1.475625000000000000e+06
1.475807000000000000e+06
1.476273000000000000e+06
1.476424000000000000e+06
1.477167000000000000e+06
1.477518000000000000e+06
1.478502000000000000e+06
1.478679000000000000e+06
1.479915000000000000e+06
1.481204000000000000e+06
1.481920000000000000e+06
1.482763000000000000e+06
1.483139000000000000e+06
1.486185000000000000e+06
1.490632000000000000e+06
1.492624000000000000e+06
1.494114000000000000e+06
1.498663000000000000e+06
1.499415000000000000e+06
1.499568000000000000e+06
1.503488000000000000e+06
1.508696000000000000e+06
1.509390000000000000e+06
1.510327000000000000e+06
1.515742000000000000e+06
1.518826000000000000e+06
1.519756000000000000e+06
1.520886000000000000e+06
1.522998000000000000e+06
1.528288000000000000e+06
1.528429000000000000e+06
1.531238000000000000e+06
1.533944000000000000e+06
1.534384000000000000e+06
1.541252000000000000e+06
1.543920000000000000e+06
1.545082000000000000e+06
1.545133000000000000e+06
1.545525000000000000e+06
1.549329000000000000e+06
1.554101000000000000e+06
1.554294000000000000e+06
1.556702000000000000e+06
1.558126000000000000e+06
1.572884000000000000e+06
1.573495000000000000e+06
1.575638000000000000e+06
1.576724000000000000e+06
1.578300000000000000e+06
1.579055000000000000e+06
1.584150000000000000e+06
1.585333000000000000e+06
1.586193000000000000e+06
1.587893000000000000e+06
1.589123000000000000e+06
1.592163000000000000e+06
1.592688000000000000e+06
1.593622000000000000e+06
1.597516000000000000e+06
1.600681000000000000e+06
1.602571000000000000e+06
1.602789000000000000e+06
1.603871000000000000e+06
1.605373000000000000e+06
1.606110000000000000e+06
1.613692000000000000e+06
1.614621000000000000e+06
1.618105000000000000e+06
1.618913000000000000e+06
1.619184000000000000e+06
1.621742000000000000e+06
1.622705000000000000e+06
1.624289000000000000e+06
1.628479000000000000e+06
1.629592000000000000e+06
1.630847000000000000e+06
1.630955000000000000e+06
1.637553000000000000e+06
1.640966000000000000e+06
1.641715000000000000e+06
1.646216000000000000e+06
1.647057000000000000e+06
1.647193000000000000e+06
1.648483000000000000e+06
1.648604000000000000e+06
1.650008000000000000e+06
1.650280000000000000e+06
1.650734000000000000e+06
1.651264000000000000e+06
1.652825000000000000e+06
1.654172000000000000e+06
1.655944000000000000e+06
1.656041000000000000e+06
1.657072000000000000e+06
1.657418000000000000e+06
1.657557000000000000e+06
1.659261000000000000e+06
1.659595000000000000e+06
1.664367000000000000e+06
1.668505000000000000e+06
1.669853000000000000e+06
1.670035000000000000e+06
1.670109000000000000e+06
1.670118000000000000e+06
1.673450000000000000e+06
1.676180000000000000e+06
1.681510000000000000e+06
1.681514000000000000e+06
1.682416000000000000e+06
1.685143000000000000e+06
1.686041000000000000e+06
1.688754000000000000e+06
1.691807000000000000e+06
1.695502000000000000e+06
1.697764000000000000e+06
1.699142000000000000e+06
1.701709000000000000e+06
1.701915000000000000e+06
1.704967000000000000e+06
1.706097000000000000e+06
1.707018000000000000e+06
1.708792000000000000e+06
1.709097000000000000e+06
1.710004000000000000e+06
1.712728000000000000e+06
1.712748000000000000e+06
1.715374000000000000e+06
1.717560000000000000e+06
1.720342000000000000e+06
1.721152000000000000e+06
1.725188000000000000e+06
1.726332000000000000e+06
1.726593000000000000e+06
1.726850000000000000e+06
1.728013000000000000e+06
1.730370000000000000e+06
1.732866000000000000e+06
1.734154000000000000e+06
1.734985000000000000e+06
1.737142000000000000e+06
1.740487000000000000e+06
1.740788000000000000e+06
1.742494000000000000e+06
1.745682000000000000e+06
1.747725000000000000e+06
1.749287000000000000e+06
1.752749000000000000e+06
1.753716000000000000e+06
1.754121000000000000e+06
1.755780000000000000e+06
1.757137000000000000e+06
1.758297000000000000e+06
1.759959000000000000e+06
1.762071000000000000e+06
1.763536000000000000e+06
1.765344000000000000e+06
1.766106000000000000e+06
1.766821000000000000e+06
1.769559000000000000e+06
1.770704000000000000e+06
1.773308000000000000e+06
1.776112000000000000e+06
1.778252000000000000e+06
1.781417000000000000e+06
1.785329000000000000e+06
1.785865000000000000e+06
1.789405000000000000e+06
1.792141000000000000e+06
1.796084000000000000e+06
1.796792000000000000e+06
1.799167000000000000e+06
1.802539000000000000e+06
1.807082000000000000e+06
1.808052000000000000e+06
1.808228000000000000e+06
1.810691000000000000e+06
1.812671000000000000e+06
1.814177000000000000e+06
1.814576000000000000e+06
1.815173000000000000e+06
1.818009000000000000e+06
1.822269000000000000e+06
1.822613000000000000e+06
1.826097000000000000e+06
1.826318000000000000e+06
1.827636000000000000e+06
1.828763000000000000e+06
1.829173000000000000e+06
1.831009000000000000e+06
1.831717000000000000e+06
1.833667000000000000e+06
1.834278000000000000e+06
1.835190000000000000e+06
1.836248000000000000e+06
1.836422000000000000e+06
1.837163000000000000e+06
1.839369000000000000e+06
1.841731000000000000e+06
1.842249000000000000e+06
1.842814000000000000e+06
1.843072000000000000e+06
1.844072000000000000e+06
1.844254000000000000e+06
1.850660000000000000e+06
1.854630000000000000e+06
1.855000000000000000e+06
1.863928000000000000e+06
1.864573000000000000e+06
1.866916000000000000e+06
1.867459000000000000e+06
1.868537000000000000e+06
1.868629000000000000e+06
1.872967000000000000e+06
1.875056000000000000e+06
1.878324000000000000e+06
1.881953000000000000e+06
1.884260000000000000e+06
1.885344000000000000e+06
1.885615000000000000e+06
1.888081000000000000e+06
1.889883000000000000e+06
1.889993000000000000e+06
1.891164000000000000e+06
1.894365000000000000e+06
1.896095000000000000e+06
1.896941000000000000e+06
1.899426000000000000e+06
1.899903000000000000e+06
1.904143000000000000e+06
1.904254000000000000e+06
1.904395000000000000e+06
1.907160000000000000e+06
1.908711000000000000e+06
1.909516000000000000e+06
1.911671000000000000e+06
1.917916000000000000e+06
1.918854000000000000e+06
1.920655000000000000e+06
1.922083000000000000e+06
1.922610000000000000e+06
1.924871000000000000e+06
1.925363000000000000e+06
1.925863000000000000e+06
1.929265000000000000e+06
1.929796000000000000e+06
1.931006000000000000e+06
1.933634000000000000e+06
1.936422000000000000e+06
1.938436000000000000e+06
1.939463000000000000e+06
1.944621000000000000e+06
1.945528000000000000e+06
1.951327000000000000e+06
1.951665000000000000e+06
